,GPS_lat,GPS_long,Network_lat,Network_long,Time,Anchor_Number,Type,Registered,CID,LAC,MCC,MNC,dBm,level,spoofed
0,25.303105,51.518005,0.0,0.0,1561287708020,0,GSM,True,49491,9401,427,1,-31,4,0
1,25.303105,51.518005,0.0,0.0,1561287708020,1,GSM,False,45071,9401,427,1,-37,4,0
2,25.303105,51.518005,0.0,0.0,1561287708020,2,GSM,False,44592,9401,427,1,-37,4,0
3,25.303105,51.518005,0.0,0.0,1561287708020,3,GSM,False,49492,9401,427,1,-39,4,0
4,25.303105,51.518005,0.0,0.0,1561287708020,4,GSM,False,45074,9401,427,1,-39,4,0
5,25.303105,51.518005,0.0,0.0,1561287708020,5,GSM,False,49703,9401,427,1,-43,4,0
6,25.303105,51.518005,0.0,0.0,1561287708020,6,GSM,False,49702,9401,427,1,-57,4,0
7,25.303105,51.518005,0.0,0.0,1561287708020,7,GSM,True,19912,121,427,2,-1,4,0
8,25.303105,51.518005,0.0,0.0,1561287708020,8,GSM,False,10771,161,427,2,-37,4,0
9,25.303105,51.518005,0.0,0.0,1561287708020,9,GSM,False,11131,161,427,2,-41,4,0
10,25.303105,51.518005,0.0,0.0,1561287708020,10,GSM,False,11903,121,427,2,-47,4,0
11,25.303105,51.518005,0.0,0.0,1561287708020,11,GSM,False,12032,121,427,2,-51,4,0
12,25.303105,51.518005,0.0,0.0,1561287708020,12,GSM,False,19913,121,427,2,-51,4,0
13,25.303105,51.518005,0.0,0.0,1561287708020,13,GSM,False,11371,121,427,2,-57,4,0
14,25.303105,51.51800333333334,0.0,0.0,1561287709651,0,GSM,True,49491,9401,427,1,-31,4,0
15,25.303105,51.51800333333334,0.0,0.0,1561287709651,1,GSM,False,45071,9401,427,1,-37,4,0
16,25.303105,51.51800333333334,0.0,0.0,1561287709651,2,GSM,False,44592,9401,427,1,-37,4,0
17,25.303105,51.51800333333334,0.0,0.0,1561287709651,3,GSM,False,49492,9401,427,1,-39,4,0
18,25.303105,51.51800333333334,0.0,0.0,1561287709651,4,GSM,False,45074,9401,427,1,-39,4,0
19,25.303105,51.51800333333334,0.0,0.0,1561287709651,5,GSM,False,49703,9401,427,1,-43,4,0
20,25.303105,51.51800333333334,0.0,0.0,1561287709651,6,GSM,False,49702,9401,427,1,-57,4,0
21,25.303105,51.51800333333334,0.0,0.0,1561287709651,7,GSM,True,19912,121,427,2,-1,4,0
22,25.303105,51.51800333333334,0.0,0.0,1561287709651,8,GSM,False,10771,161,427,2,-37,4,0
23,25.303105,51.51800333333334,0.0,0.0,1561287709651,9,GSM,False,11131,161,427,2,-41,4,0
24,25.303105,51.51800333333334,0.0,0.0,1561287709651,10,GSM,False,11903,121,427,2,-47,4,0
25,25.303105,51.51800333333334,0.0,0.0,1561287709651,11,GSM,False,12032,121,427,2,-51,4,0
26,25.303105,51.51800333333334,0.0,0.0,1561287709651,12,GSM,False,19913,121,427,2,-51,4,0
27,25.303105,51.51800333333334,0.0,0.0,1561287709651,13,GSM,False,11371,121,427,2,-57,4,0
28,25.303105,51.518,0.0,0.0,1561287710752,0,GSM,True,49491,9401,427,1,-31,4,0
29,25.303105,51.518,0.0,0.0,1561287710752,1,GSM,False,45071,9401,427,1,-37,4,0
30,25.303105,51.518,0.0,0.0,1561287710752,2,GSM,False,44592,9401,427,1,-37,4,0
31,25.303105,51.518,0.0,0.0,1561287710752,3,GSM,False,49492,9401,427,1,-39,4,0
32,25.303105,51.518,0.0,0.0,1561287710752,4,GSM,False,45074,9401,427,1,-39,4,0
33,25.303105,51.518,0.0,0.0,1561287710752,5,GSM,False,49703,9401,427,1,-43,4,0
34,25.303105,51.518,0.0,0.0,1561287710752,6,GSM,False,49702,9401,427,1,-57,4,0
35,25.303105,51.518,0.0,0.0,1561287710752,7,GSM,True,19912,121,427,2,-5,4,0
36,25.303105,51.518,0.0,0.0,1561287710752,8,GSM,False,10771,161,427,2,-35,4,0
37,25.303105,51.518,0.0,0.0,1561287710752,9,GSM,False,11131,161,427,2,-41,4,0
38,25.303105,51.518,0.0,0.0,1561287710752,10,GSM,False,11903,121,427,2,-45,4,0
39,25.303105,51.518,0.0,0.0,1561287710752,11,GSM,False,19913,121,427,2,-49,4,0
40,25.303105,51.518,0.0,0.0,1561287710752,12,GSM,False,12032,121,427,2,-51,4,0
41,25.303105,51.518,0.0,0.0,1561287710752,13,GSM,False,11371,121,427,2,-53,4,0
42,25.30310833333333,51.517986666666665,0.0,0.0,1561287711747,0,GSM,True,49491,9401,427,1,-31,4,0
43,25.30310833333333,51.517986666666665,0.0,0.0,1561287711747,1,GSM,False,45071,9401,427,1,-37,4,0
44,25.30310833333333,51.517986666666665,0.0,0.0,1561287711747,2,GSM,False,44592,9401,427,1,-37,4,0
45,25.30310833333333,51.517986666666665,0.0,0.0,1561287711747,3,GSM,False,49492,9401,427,1,-39,4,0
46,25.30310833333333,51.517986666666665,0.0,0.0,1561287711747,4,GSM,False,45074,9401,427,1,-39,4,0
47,25.30310833333333,51.517986666666665,0.0,0.0,1561287711747,5,GSM,False,49703,9401,427,1,-43,4,0
48,25.30310833333333,51.517986666666665,0.0,0.0,1561287711747,6,GSM,False,49702,9401,427,1,-57,4,0
49,25.30310833333333,51.517986666666665,0.0,0.0,1561287711747,7,GSM,True,19912,121,427,2,-5,4,0
50,25.30310833333333,51.517986666666665,0.0,0.0,1561287711747,8,GSM,False,10771,161,427,2,-35,4,0
51,25.30310833333333,51.517986666666665,0.0,0.0,1561287711747,9,GSM,False,11131,161,427,2,-41,4,0
52,25.30310833333333,51.517986666666665,0.0,0.0,1561287711747,10,GSM,False,11903,121,427,2,-45,4,0
53,25.30310833333333,51.517986666666665,0.0,0.0,1561287711747,11,GSM,False,19913,121,427,2,-49,4,0
54,25.30310833333333,51.517986666666665,0.0,0.0,1561287711747,12,GSM,False,12032,121,427,2,-51,4,0
55,25.30310833333333,51.517986666666665,0.0,0.0,1561287711747,13,GSM,False,11371,121,427,2,-53,4,0
56,25.30310833333333,51.517986666666665,0.0,0.0,1561287712105,6,GSM,False,25942,9401,427,1,-59,4,0
57,25.30310833333333,51.517986666666665,0.0,0.0,1561287712105,13,GSM,False,10532,120,427,2,-53,4,0
58,25.303115,51.51799166666667,0.0,0.0,1561287712677,0,GSM,True,49491,9401,427,1,-37,4,0
59,25.303115,51.51799166666667,0.0,0.0,1561287712677,1,GSM,False,44592,9401,427,1,-27,4,0
60,25.303115,51.51799166666667,0.0,0.0,1561287712677,2,GSM,False,45071,9401,427,1,-39,4,0
61,25.303115,51.51799166666667,0.0,0.0,1561287712677,3,GSM,False,45074,9401,427,1,-41,4,0
62,25.303115,51.51799166666667,0.0,0.0,1561287712677,4,GSM,False,49492,9401,427,1,-43,4,0
63,25.303115,51.51799166666667,0.0,0.0,1561287712677,5,GSM,False,49703,9401,427,1,-43,4,0
64,25.303115,51.51799166666667,0.0,0.0,1561287712677,6,GSM,False,25942,9401,427,1,-59,4,0
65,25.303115,51.51799166666667,0.0,0.0,1561287712677,7,GSM,True,19912,121,427,2,-5,4,0
66,25.303115,51.51799166666667,0.0,0.0,1561287712677,8,GSM,False,10771,161,427,2,-39,4,0
67,25.303115,51.51799166666667,0.0,0.0,1561287712677,9,GSM,False,11131,161,427,2,-41,4,0
68,25.303115,51.51799166666667,0.0,0.0,1561287712677,10,GSM,False,11903,121,427,2,-43,4,0
69,25.303115,51.51799166666667,0.0,0.0,1561287712677,11,GSM,False,19913,121,427,2,-47,4,0
70,25.303115,51.51799166666667,0.0,0.0,1561287712677,12,GSM,False,12032,121,427,2,-53,4,0
71,25.303115,51.51799166666667,0.0,0.0,1561287712677,13,GSM,False,10532,120,427,2,-53,4,0
72,25.30312333333333,51.517985,0.0,0.0,1561287713738,0,GSM,True,49491,9401,427,1,-37,4,0
73,25.30312333333333,51.517985,0.0,0.0,1561287713738,1,GSM,False,44592,9401,427,1,-27,4,0
74,25.30312333333333,51.517985,0.0,0.0,1561287713738,2,GSM,False,45071,9401,427,1,-39,4,0
75,25.30312333333333,51.517985,0.0,0.0,1561287713738,3,GSM,False,45074,9401,427,1,-41,4,0
76,25.30312333333333,51.517985,0.0,0.0,1561287713738,4,GSM,False,49492,9401,427,1,-43,4,0
77,25.30312333333333,51.517985,0.0,0.0,1561287713738,5,GSM,False,49703,9401,427,1,-43,4,0
78,25.30312333333333,51.517985,0.0,0.0,1561287713738,6,GSM,False,25942,9401,427,1,-59,4,0
79,25.30312333333333,51.517985,0.0,0.0,1561287713738,7,GSM,True,19912,121,427,2,-5,4,0
80,25.30312333333333,51.517985,0.0,0.0,1561287713738,8,GSM,False,10771,161,427,2,-39,4,0
81,25.30312333333333,51.517985,0.0,0.0,1561287713738,9,GSM,False,11131,161,427,2,-41,4,0
82,25.30312333333333,51.517985,0.0,0.0,1561287713738,10,GSM,False,11903,121,427,2,-43,4,0
83,25.30312333333333,51.517985,0.0,0.0,1561287713738,11,GSM,False,19913,121,427,2,-47,4,0
84,25.30312333333333,51.517985,0.0,0.0,1561287713738,12,GSM,False,12032,121,427,2,-53,4,0
85,25.30312333333333,51.517985,0.0,0.0,1561287713738,13,GSM,False,10532,120,427,2,-53,4,0
86,25.30317833333333,51.51798999999999,0.0,0.0,1561287714728,0,GSM,True,49491,9401,427,1,-37,4,0
87,25.30317833333333,51.51798999999999,0.0,0.0,1561287714728,1,GSM,False,44592,9401,427,1,-27,4,0
88,25.30317833333333,51.51798999999999,0.0,0.0,1561287714728,2,GSM,False,45071,9401,427,1,-39,4,0
89,25.30317833333333,51.51798999999999,0.0,0.0,1561287714728,3,GSM,False,45074,9401,427,1,-41,4,0
90,25.30317833333333,51.51798999999999,0.0,0.0,1561287714728,4,GSM,False,49492,9401,427,1,-43,4,0
91,25.30317833333333,51.51798999999999,0.0,0.0,1561287714728,5,GSM,False,49703,9401,427,1,-43,4,0
92,25.30317833333333,51.51798999999999,0.0,0.0,1561287714728,6,GSM,False,25942,9401,427,1,-59,4,0
93,25.30317833333333,51.51798999999999,0.0,0.0,1561287714728,7,GSM,True,19912,121,427,2,-5,4,0
94,25.30317833333333,51.51798999999999,0.0,0.0,1561287714728,8,GSM,False,10771,161,427,2,-39,4,0
95,25.30317833333333,51.51798999999999,0.0,0.0,1561287714728,9,GSM,False,11131,161,427,2,-41,4,0
96,25.30317833333333,51.51798999999999,0.0,0.0,1561287714728,10,GSM,False,11903,121,427,2,-43,4,0
97,25.30317833333333,51.51798999999999,0.0,0.0,1561287714728,11,GSM,False,19913,121,427,2,-47,4,0
98,25.30317833333333,51.51798999999999,0.0,0.0,1561287714728,12,GSM,False,12032,121,427,2,-53,4,0
99,25.30317833333333,51.51798999999999,0.0,0.0,1561287714728,13,GSM,False,10532,120,427,2,-53,4,0
100,25.303215,51.517985,0.0,0.0,1561287715677,0,GSM,True,49491,9401,427,1,-37,4,0
101,25.303215,51.517985,0.0,0.0,1561287715677,1,GSM,False,44592,9401,427,1,-27,4,0
102,25.303215,51.517985,0.0,0.0,1561287715677,2,GSM,False,45071,9401,427,1,-39,4,0
103,25.303215,51.517985,0.0,0.0,1561287715677,3,GSM,False,45074,9401,427,1,-41,4,0
104,25.303215,51.517985,0.0,0.0,1561287715677,4,GSM,False,49492,9401,427,1,-43,4,0
105,25.303215,51.517985,0.0,0.0,1561287715677,5,GSM,False,49703,9401,427,1,-43,4,0
106,25.303215,51.517985,0.0,0.0,1561287715677,6,GSM,False,25942,9401,427,1,-59,4,0
107,25.303215,51.517985,0.0,0.0,1561287715677,7,GSM,True,19912,121,427,2,-5,4,0
108,25.303215,51.517985,0.0,0.0,1561287715677,8,GSM,False,10771,161,427,2,-39,4,0
109,25.303215,51.517985,0.0,0.0,1561287715677,9,GSM,False,11131,161,427,2,-41,4,0
110,25.303215,51.517985,0.0,0.0,1561287715677,10,GSM,False,11903,121,427,2,-43,4,0
111,25.303215,51.517985,0.0,0.0,1561287715677,11,GSM,False,19913,121,427,2,-47,4,0
112,25.303215,51.517985,0.0,0.0,1561287715677,12,GSM,False,12032,121,427,2,-53,4,0
113,25.303215,51.517985,0.0,0.0,1561287715677,13,GSM,False,10532,120,427,2,-53,4,0
114,25.30327833333333,51.51798166666667,0.0,0.0,1561287716714,0,GSM,True,49491,9401,427,1,-37,4,0
115,25.30327833333333,51.51798166666667,0.0,0.0,1561287716714,1,GSM,False,44592,9401,427,1,-27,4,0
116,25.30327833333333,51.51798166666667,0.0,0.0,1561287716714,2,GSM,False,45071,9401,427,1,-39,4,0
117,25.30327833333333,51.51798166666667,0.0,0.0,1561287716714,3,GSM,False,45074,9401,427,1,-41,4,0
118,25.30327833333333,51.51798166666667,0.0,0.0,1561287716714,4,GSM,False,49492,9401,427,1,-43,4,0
119,25.30327833333333,51.51798166666667,0.0,0.0,1561287716714,5,GSM,False,49703,9401,427,1,-43,4,0
120,25.30327833333333,51.51798166666667,0.0,0.0,1561287716714,6,GSM,False,25942,9401,427,1,-59,4,0
121,25.30327833333333,51.51798166666667,0.0,0.0,1561287716714,7,GSM,True,19912,121,427,2,3,4,0
122,25.30327833333333,51.51798166666667,0.0,0.0,1561287716714,8,GSM,False,10771,161,427,2,-39,4,0
123,25.30327833333333,51.51798166666667,0.0,0.0,1561287716714,9,GSM,False,11131,161,427,2,-41,4,0
124,25.30327833333333,51.51798166666667,0.0,0.0,1561287716714,10,GSM,False,11903,121,427,2,-43,4,0
125,25.30327833333333,51.51798166666667,0.0,0.0,1561287716714,11,GSM,False,19913,121,427,2,-47,4,0
126,25.30327833333333,51.51798166666667,0.0,0.0,1561287716714,12,GSM,False,12032,121,427,2,-53,4,0
127,25.30327833333333,51.51798166666667,0.0,0.0,1561287716714,13,GSM,False,10532,120,427,2,-53,4,0
128,25.303356666666662,51.51797333333334,0.0,0.0,1561287717742,0,GSM,True,49491,9401,427,1,-37,4,0
129,25.303356666666662,51.51797333333334,0.0,0.0,1561287717742,1,GSM,False,44592,9401,427,1,-27,4,0
130,25.303356666666662,51.51797333333334,0.0,0.0,1561287717742,2,GSM,False,45071,9401,427,1,-39,4,0
131,25.303356666666662,51.51797333333334,0.0,0.0,1561287717742,3,GSM,False,45074,9401,427,1,-41,4,0
132,25.303356666666662,51.51797333333334,0.0,0.0,1561287717742,4,GSM,False,49492,9401,427,1,-43,4,0
133,25.303356666666662,51.51797333333334,0.0,0.0,1561287717742,5,GSM,False,49703,9401,427,1,-43,4,0
134,25.303356666666662,51.51797333333334,0.0,0.0,1561287717742,6,GSM,False,25942,9401,427,1,-59,4,0
135,25.303356666666662,51.51797333333334,0.0,0.0,1561287717742,7,GSM,True,19912,121,427,2,3,4,0
136,25.303356666666662,51.51797333333334,0.0,0.0,1561287717742,8,GSM,False,10771,161,427,2,-39,4,0
137,25.303356666666662,51.51797333333334,0.0,0.0,1561287717742,9,GSM,False,11131,161,427,2,-41,4,0
138,25.303356666666662,51.51797333333334,0.0,0.0,1561287717742,10,GSM,False,11903,121,427,2,-43,4,0
139,25.303356666666662,51.51797333333334,0.0,0.0,1561287717742,11,GSM,False,19913,121,427,2,-47,4,0
140,25.303356666666662,51.51797333333334,0.0,0.0,1561287717742,12,GSM,False,12032,121,427,2,-53,4,0
141,25.303356666666662,51.51797333333334,0.0,0.0,1561287717742,13,GSM,False,10532,120,427,2,-53,4,0
142,25.30343333333333,51.51796333333333,0.0,0.0,1561287718696,0,GSM,True,49491,9401,427,1,-37,4,0
143,25.30343333333333,51.51796333333333,0.0,0.0,1561287718696,1,GSM,False,44592,9401,427,1,-27,4,0
144,25.30343333333333,51.51796333333333,0.0,0.0,1561287718696,2,GSM,False,45071,9401,427,1,-39,4,0
145,25.30343333333333,51.51796333333333,0.0,0.0,1561287718696,3,GSM,False,45074,9401,427,1,-41,4,0
146,25.30343333333333,51.51796333333333,0.0,0.0,1561287718696,4,GSM,False,49492,9401,427,1,-43,4,0
147,25.30343333333333,51.51796333333333,0.0,0.0,1561287718696,5,GSM,False,49703,9401,427,1,-43,4,0
148,25.30343333333333,51.51796333333333,0.0,0.0,1561287718696,6,GSM,False,25942,9401,427,1,-59,4,0
149,25.30343333333333,51.51796333333333,0.0,0.0,1561287718696,7,GSM,True,19912,121,427,2,3,4,0
150,25.30343333333333,51.51796333333333,0.0,0.0,1561287718696,8,GSM,False,10771,161,427,2,-39,4,0
151,25.30343333333333,51.51796333333333,0.0,0.0,1561287718696,9,GSM,False,11131,161,427,2,-41,4,0
152,25.30343333333333,51.51796333333333,0.0,0.0,1561287718696,10,GSM,False,11903,121,427,2,-43,4,0
153,25.30343333333333,51.51796333333333,0.0,0.0,1561287718696,11,GSM,False,19913,121,427,2,-47,4,0
154,25.30343333333333,51.51796333333333,0.0,0.0,1561287718696,12,GSM,False,12032,121,427,2,-53,4,0
155,25.30343333333333,51.51796333333333,0.0,0.0,1561287718696,13,GSM,False,10532,120,427,2,-53,4,0
156,25.303508333333337,51.51795333333333,0.0,0.0,1561287719694,0,GSM,True,49491,9401,427,1,-37,4,0
157,25.303508333333337,51.51795333333333,0.0,0.0,1561287719694,1,GSM,False,44592,9401,427,1,-27,4,0
158,25.303508333333337,51.51795333333333,0.0,0.0,1561287719694,2,GSM,False,45071,9401,427,1,-39,4,0
159,25.303508333333337,51.51795333333333,0.0,0.0,1561287719694,3,GSM,False,45074,9401,427,1,-41,4,0
160,25.303508333333337,51.51795333333333,0.0,0.0,1561287719694,4,GSM,False,49492,9401,427,1,-43,4,0
161,25.303508333333337,51.51795333333333,0.0,0.0,1561287719694,5,GSM,False,49703,9401,427,1,-43,4,0
162,25.303508333333337,51.51795333333333,0.0,0.0,1561287719694,6,GSM,False,25942,9401,427,1,-59,4,0
163,25.303508333333337,51.51795333333333,0.0,0.0,1561287719694,7,GSM,True,19912,121,427,2,3,4,0
164,25.303508333333337,51.51795333333333,0.0,0.0,1561287719694,8,GSM,False,10771,161,427,2,-39,4,0
165,25.303508333333337,51.51795333333333,0.0,0.0,1561287719694,9,GSM,False,11131,161,427,2,-41,4,0
166,25.303508333333337,51.51795333333333,0.0,0.0,1561287719694,10,GSM,False,11903,121,427,2,-43,4,0
167,25.303508333333337,51.51795333333333,0.0,0.0,1561287719694,11,GSM,False,19913,121,427,2,-47,4,0
168,25.303508333333337,51.51795333333333,0.0,0.0,1561287719694,12,GSM,False,12032,121,427,2,-53,4,0
169,25.303508333333337,51.51795333333333,0.0,0.0,1561287719694,13,GSM,False,10532,120,427,2,-53,4,0
170,25.303508333333337,51.51795333333333,0.0,0.0,1561287720322,13,GSM,False,19923,121,427,2,-55,4,0
171,25.30359,51.517941666666665,0.0,0.0,1561287720696,0,GSM,True,49491,9401,427,1,-37,4,0
172,25.30359,51.517941666666665,0.0,0.0,1561287720696,1,GSM,False,44592,9401,427,1,-27,4,0
173,25.30359,51.517941666666665,0.0,0.0,1561287720696,2,GSM,False,45071,9401,427,1,-39,4,0
174,25.30359,51.517941666666665,0.0,0.0,1561287720696,3,GSM,False,45074,9401,427,1,-41,4,0
175,25.30359,51.517941666666665,0.0,0.0,1561287720696,4,GSM,False,49492,9401,427,1,-43,4,0
176,25.30359,51.517941666666665,0.0,0.0,1561287720696,5,GSM,False,49703,9401,427,1,-43,4,0
177,25.30359,51.517941666666665,0.0,0.0,1561287720696,6,GSM,False,25942,9401,427,1,-59,4,0
178,25.30359,51.517941666666665,0.0,0.0,1561287720696,7,GSM,True,19912,121,427,2,13,4,0
179,25.30359,51.517941666666665,0.0,0.0,1561287720696,8,GSM,False,19913,121,427,2,-39,4,0
180,25.30359,51.517941666666665,0.0,0.0,1561287720696,9,GSM,False,11131,161,427,2,-41,4,0
181,25.30359,51.517941666666665,0.0,0.0,1561287720696,10,GSM,False,10771,161,427,2,-43,4,0
182,25.30359,51.517941666666665,0.0,0.0,1561287720696,11,GSM,False,11903,121,427,2,-43,4,0
183,25.30359,51.517941666666665,0.0,0.0,1561287720696,12,GSM,False,12032,121,427,2,-53,4,0
184,25.30359,51.517941666666665,0.0,0.0,1561287720696,13,GSM,False,19923,121,427,2,-55,4,0
185,25.303675,51.51793666666667,0.0,0.0,1561287721671,0,GSM,True,49491,9401,427,1,-37,4,0
186,25.303675,51.51793666666667,0.0,0.0,1561287721671,1,GSM,False,44592,9401,427,1,-27,4,0
187,25.303675,51.51793666666667,0.0,0.0,1561287721671,2,GSM,False,45071,9401,427,1,-39,4,0
188,25.303675,51.51793666666667,0.0,0.0,1561287721671,3,GSM,False,45074,9401,427,1,-41,4,0
189,25.303675,51.51793666666667,0.0,0.0,1561287721671,4,GSM,False,49492,9401,427,1,-43,4,0
190,25.303675,51.51793666666667,0.0,0.0,1561287721671,5,GSM,False,49703,9401,427,1,-43,4,0
191,25.303675,51.51793666666667,0.0,0.0,1561287721671,6,GSM,False,25942,9401,427,1,-59,4,0
192,25.303675,51.51793666666667,0.0,0.0,1561287721671,7,GSM,True,19912,121,427,2,13,4,0
193,25.303675,51.51793666666667,0.0,0.0,1561287721671,8,GSM,False,19913,121,427,2,-39,4,0
194,25.303675,51.51793666666667,0.0,0.0,1561287721671,9,GSM,False,11131,161,427,2,-41,4,0
195,25.303675,51.51793666666667,0.0,0.0,1561287721671,10,GSM,False,10771,161,427,2,-43,4,0
196,25.303675,51.51793666666667,0.0,0.0,1561287721671,11,GSM,False,11903,121,427,2,-43,4,0
197,25.303675,51.51793666666667,0.0,0.0,1561287721671,12,GSM,False,12032,121,427,2,-53,4,0
198,25.303675,51.51793666666667,0.0,0.0,1561287721671,13,GSM,False,19923,121,427,2,-55,4,0
199,25.303675,51.51793666666667,0.0,0.0,1561287722323,4,GSM,False,21292,9401,427,1,-55,4,0
200,25.303765,51.51793333333333,0.0,0.0,1561287722710,0,GSM,True,44592,9401,427,1,-9,4,0
201,25.303765,51.51793333333333,0.0,0.0,1561287722710,1,GSM,False,45074,9401,427,1,-35,4,0
202,25.303765,51.51793333333333,0.0,0.0,1561287722710,2,GSM,False,25942,9401,427,1,-39,4,0
203,25.303765,51.51793333333333,0.0,0.0,1561287722710,3,GSM,False,49492,9401,427,1,-39,4,0
204,25.303765,51.51793333333333,0.0,0.0,1561287722710,4,GSM,False,21292,9401,427,1,-55,4,0
205,25.303765,51.51793333333333,0.0,0.0,1561287722710,5,GSM,False,45071,9401,427,1,-61,4,0
206,25.303765,51.51793333333333,0.0,0.0,1561287722710,6,GSM,True,19912,121,427,2,13,4,0
207,25.303765,51.51793333333333,0.0,0.0,1561287722710,7,GSM,False,19913,121,427,2,-39,4,0
208,25.303765,51.51793333333333,0.0,0.0,1561287722710,8,GSM,False,11131,161,427,2,-41,4,0
209,25.303765,51.51793333333333,0.0,0.0,1561287722710,9,GSM,False,10771,161,427,2,-43,4,0
210,25.303765,51.51793333333333,0.0,0.0,1561287722710,10,GSM,False,11903,121,427,2,-43,4,0
211,25.303765,51.51793333333333,0.0,0.0,1561287722710,11,GSM,False,12032,121,427,2,-53,4,0
212,25.303765,51.51793333333333,0.0,0.0,1561287722710,12,GSM,False,19923,121,427,2,-55,4,0
213,25.303853333333336,51.51793166666666,0.0,0.0,1561287723701,0,GSM,True,44592,9401,427,1,-9,4,0
214,25.303853333333336,51.51793166666666,0.0,0.0,1561287723701,1,GSM,False,45074,9401,427,1,-35,4,0
215,25.303853333333336,51.51793166666666,0.0,0.0,1561287723701,2,GSM,False,25942,9401,427,1,-39,4,0
216,25.303853333333336,51.51793166666666,0.0,0.0,1561287723701,3,GSM,False,49492,9401,427,1,-39,4,0
217,25.303853333333336,51.51793166666666,0.0,0.0,1561287723701,4,GSM,False,21292,9401,427,1,-55,4,0
218,25.303853333333336,51.51793166666666,0.0,0.0,1561287723701,5,GSM,False,45071,9401,427,1,-61,4,0
219,25.303853333333336,51.51793166666666,0.0,0.0,1561287723701,6,GSM,True,19912,121,427,2,13,4,0
220,25.303853333333336,51.51793166666666,0.0,0.0,1561287723701,7,GSM,False,19913,121,427,2,-39,4,0
221,25.303853333333336,51.51793166666666,0.0,0.0,1561287723701,8,GSM,False,11131,161,427,2,-41,4,0
222,25.303853333333336,51.51793166666666,0.0,0.0,1561287723701,9,GSM,False,10771,161,427,2,-43,4,0
223,25.303853333333336,51.51793166666666,0.0,0.0,1561287723701,10,GSM,False,11903,121,427,2,-43,4,0
224,25.303853333333336,51.51793166666666,0.0,0.0,1561287723701,11,GSM,False,12032,121,427,2,-53,4,0
225,25.303853333333336,51.51793166666666,0.0,0.0,1561287723701,12,GSM,False,19923,121,427,2,-55,4,0
226,25.30394,51.51793166666666,0.0,0.0,1561287724712,0,GSM,True,44592,9401,427,1,-9,4,0
227,25.30394,51.51793166666666,0.0,0.0,1561287724712,1,GSM,False,45074,9401,427,1,-35,4,0
228,25.30394,51.51793166666666,0.0,0.0,1561287724712,2,GSM,False,25942,9401,427,1,-39,4,0
229,25.30394,51.51793166666666,0.0,0.0,1561287724712,3,GSM,False,49492,9401,427,1,-39,4,0
230,25.30394,51.51793166666666,0.0,0.0,1561287724712,4,GSM,False,21292,9401,427,1,-55,4,0
231,25.30394,51.51793166666666,0.0,0.0,1561287724712,5,GSM,False,45071,9401,427,1,-61,4,0
232,25.30394,51.51793166666666,0.0,0.0,1561287724712,6,GSM,True,19912,121,427,2,11,4,0
233,25.30394,51.51793166666666,0.0,0.0,1561287724712,7,GSM,False,19913,121,427,2,-39,4,0
234,25.30394,51.51793166666666,0.0,0.0,1561287724712,8,GSM,False,11131,161,427,2,-41,4,0
235,25.30394,51.51793166666666,0.0,0.0,1561287724712,9,GSM,False,10771,161,427,2,-43,4,0
236,25.30394,51.51793166666666,0.0,0.0,1561287724712,10,GSM,False,11903,121,427,2,-43,4,0
237,25.30394,51.51793166666666,0.0,0.0,1561287724712,11,GSM,False,12032,121,427,2,-53,4,0
238,25.30394,51.51793166666666,0.0,0.0,1561287724712,12,GSM,False,19923,121,427,2,-55,4,0
239,25.304026666666665,51.51792333333333,0.0,0.0,1561287725692,0,GSM,True,44592,9401,427,1,-9,4,0
240,25.304026666666665,51.51792333333333,0.0,0.0,1561287725692,1,GSM,False,45074,9401,427,1,-35,4,0
241,25.304026666666665,51.51792333333333,0.0,0.0,1561287725692,2,GSM,False,25942,9401,427,1,-39,4,0
242,25.304026666666665,51.51792333333333,0.0,0.0,1561287725692,3,GSM,False,49492,9401,427,1,-39,4,0
243,25.304026666666665,51.51792333333333,0.0,0.0,1561287725692,4,GSM,False,21292,9401,427,1,-55,4,0
244,25.304026666666665,51.51792333333333,0.0,0.0,1561287725692,5,GSM,False,45071,9401,427,1,-61,4,0
245,25.304026666666665,51.51792333333333,0.0,0.0,1561287725692,6,GSM,True,19912,121,427,2,11,4,0
246,25.304026666666665,51.51792333333333,0.0,0.0,1561287725692,7,GSM,False,19913,121,427,2,-39,4,0
247,25.304026666666665,51.51792333333333,0.0,0.0,1561287725692,8,GSM,False,11131,161,427,2,-41,4,0
248,25.304026666666665,51.51792333333333,0.0,0.0,1561287725692,9,GSM,False,10771,161,427,2,-43,4,0
249,25.304026666666665,51.51792333333333,0.0,0.0,1561287725692,10,GSM,False,11903,121,427,2,-43,4,0
250,25.304026666666665,51.51792333333333,0.0,0.0,1561287725692,11,GSM,False,12032,121,427,2,-53,4,0
251,25.304026666666665,51.51792333333333,0.0,0.0,1561287725692,12,GSM,False,19923,121,427,2,-55,4,0
252,25.304108333333332,51.517915,0.0,0.0,1561287726653,0,GSM,True,44592,9401,427,1,-9,4,0
253,25.304108333333332,51.517915,0.0,0.0,1561287726653,1,GSM,False,45074,9401,427,1,-35,4,0
254,25.304108333333332,51.517915,0.0,0.0,1561287726653,2,GSM,False,25942,9401,427,1,-39,4,0
255,25.304108333333332,51.517915,0.0,0.0,1561287726653,3,GSM,False,49492,9401,427,1,-39,4,0
256,25.304108333333332,51.517915,0.0,0.0,1561287726653,4,GSM,False,21292,9401,427,1,-55,4,0
257,25.304108333333332,51.517915,0.0,0.0,1561287726653,5,GSM,False,45071,9401,427,1,-61,4,0
258,25.304108333333332,51.517915,0.0,0.0,1561287726653,6,GSM,True,19912,121,427,2,11,4,0
259,25.304108333333332,51.517915,0.0,0.0,1561287726653,7,GSM,False,19913,121,427,2,-39,4,0
260,25.304108333333332,51.517915,0.0,0.0,1561287726653,8,GSM,False,11131,161,427,2,-41,4,0
261,25.304108333333332,51.517915,0.0,0.0,1561287726653,9,GSM,False,10771,161,427,2,-43,4,0
262,25.304108333333332,51.517915,0.0,0.0,1561287726653,10,GSM,False,11903,121,427,2,-43,4,0
263,25.304108333333332,51.517915,0.0,0.0,1561287726653,11,GSM,False,12032,121,427,2,-53,4,0
264,25.304108333333332,51.517915,0.0,0.0,1561287726653,12,GSM,False,19923,121,427,2,-55,4,0
265,25.304175,51.51789166666667,0.0,0.0,1561287727745,0,GSM,True,44592,9401,427,1,-9,4,0
266,25.304175,51.51789166666667,0.0,0.0,1561287727745,1,GSM,False,45074,9401,427,1,-35,4,0
267,25.304175,51.51789166666667,0.0,0.0,1561287727745,2,GSM,False,25942,9401,427,1,-39,4,0
268,25.304175,51.51789166666667,0.0,0.0,1561287727745,3,GSM,False,49492,9401,427,1,-39,4,0
269,25.304175,51.51789166666667,0.0,0.0,1561287727745,4,GSM,False,21292,9401,427,1,-55,4,0
270,25.304175,51.51789166666667,0.0,0.0,1561287727745,5,GSM,False,45071,9401,427,1,-61,4,0
271,25.304175,51.51789166666667,0.0,0.0,1561287727745,6,GSM,True,19912,121,427,2,11,4,0
272,25.304175,51.51789166666667,0.0,0.0,1561287727745,7,GSM,False,19913,121,427,2,-39,4,0
273,25.304175,51.51789166666667,0.0,0.0,1561287727745,8,GSM,False,11131,161,427,2,-41,4,0
274,25.304175,51.51789166666667,0.0,0.0,1561287727745,9,GSM,False,10771,161,427,2,-43,4,0
275,25.304175,51.51789166666667,0.0,0.0,1561287727745,10,GSM,False,11903,121,427,2,-43,4,0
276,25.304175,51.51789166666667,0.0,0.0,1561287727745,11,GSM,False,12032,121,427,2,-53,4,0
277,25.304175,51.51789166666667,0.0,0.0,1561287727745,12,GSM,False,19923,121,427,2,-55,4,0
278,25.304175,51.51789166666667,0.0,0.0,1561287728413,1,GSM,False,49491,9401,427,1,-29,4,0
279,25.304175,51.51789166666667,0.0,0.0,1561287728413,5,GSM,False,40781,9402,427,1,-45,4,0
280,25.304175,51.51789166666667,0.0,0.0,1561287728413,9,GSM,False,19911,121,427,2,-39,4,0
281,25.304241666666663,51.51786333333333,0.0,0.0,1561287728661,0,GSM,True,44592,9401,427,1,-33,4,0
282,25.304241666666663,51.51786333333333,0.0,0.0,1561287728661,1,GSM,False,49491,9401,427,1,-29,4,0
283,25.304241666666663,51.51786333333333,0.0,0.0,1561287728661,2,GSM,False,45074,9401,427,1,-35,4,0
284,25.304241666666663,51.51786333333333,0.0,0.0,1561287728661,3,GSM,False,49492,9401,427,1,-39,4,0
285,25.304241666666663,51.51786333333333,0.0,0.0,1561287728661,4,GSM,False,25942,9401,427,1,-43,4,0
286,25.304241666666663,51.51786333333333,0.0,0.0,1561287728661,5,GSM,False,40781,9402,427,1,-45,4,0
287,25.304241666666663,51.51786333333333,0.0,0.0,1561287728661,6,GSM,False,21292,9401,427,1,-57,4,0
288,25.304241666666663,51.51786333333333,0.0,0.0,1561287728661,7,GSM,True,19912,121,427,2,9,4,0
289,25.304241666666663,51.51786333333333,0.0,0.0,1561287728661,8,GSM,False,19913,121,427,2,-35,4,0
290,25.304241666666663,51.51786333333333,0.0,0.0,1561287728661,9,GSM,False,19911,121,427,2,-39,4,0
291,25.304241666666663,51.51786333333333,0.0,0.0,1561287728661,10,GSM,False,11903,121,427,2,-43,4,0
292,25.304241666666663,51.51786333333333,0.0,0.0,1561287728661,11,GSM,False,10771,161,427,2,-45,4,0
293,25.304241666666663,51.51786333333333,0.0,0.0,1561287728661,12,GSM,False,12032,121,427,2,-51,4,0
294,25.304241666666663,51.51786333333333,0.0,0.0,1561287728661,13,GSM,False,19923,121,427,2,-51,4,0
295,25.30428333333333,51.51780833333334,0.0,0.0,1561287729711,0,GSM,True,44592,9401,427,1,-33,4,0
296,25.30428333333333,51.51780833333334,0.0,0.0,1561287729711,1,GSM,False,49491,9401,427,1,-29,4,0
297,25.30428333333333,51.51780833333334,0.0,0.0,1561287729711,2,GSM,False,45074,9401,427,1,-35,4,0
298,25.30428333333333,51.51780833333334,0.0,0.0,1561287729711,3,GSM,False,49492,9401,427,1,-39,4,0
299,25.30428333333333,51.51780833333334,0.0,0.0,1561287729711,4,GSM,False,25942,9401,427,1,-43,4,0
300,25.30428333333333,51.51780833333334,0.0,0.0,1561287729711,5,GSM,False,40781,9402,427,1,-45,4,0
301,25.30428333333333,51.51780833333334,0.0,0.0,1561287729711,6,GSM,False,21292,9401,427,1,-57,4,0
302,25.30428333333333,51.51780833333334,0.0,0.0,1561287729711,7,GSM,True,19912,121,427,2,9,4,0
303,25.30428333333333,51.51780833333334,0.0,0.0,1561287729711,8,GSM,False,19913,121,427,2,-35,4,0
304,25.30428333333333,51.51780833333334,0.0,0.0,1561287729711,9,GSM,False,19911,121,427,2,-39,4,0
305,25.30428333333333,51.51780833333334,0.0,0.0,1561287729711,10,GSM,False,11903,121,427,2,-43,4,0
306,25.30428333333333,51.51780833333334,0.0,0.0,1561287729711,11,GSM,False,10771,161,427,2,-45,4,0
307,25.30428333333333,51.51780833333334,0.0,0.0,1561287729711,12,GSM,False,12032,121,427,2,-51,4,0
308,25.30428333333333,51.51780833333334,0.0,0.0,1561287729711,13,GSM,False,19923,121,427,2,-51,4,0
309,25.304313333333333,51.51774,0.0,0.0,1561287730773,0,GSM,True,44592,9401,427,1,-33,4,0
310,25.304313333333333,51.51774,0.0,0.0,1561287730773,1,GSM,False,49491,9401,427,1,-29,4,0
311,25.304313333333333,51.51774,0.0,0.0,1561287730773,2,GSM,False,45074,9401,427,1,-35,4,0
312,25.304313333333333,51.51774,0.0,0.0,1561287730773,3,GSM,False,49492,9401,427,1,-39,4,0
313,25.304313333333333,51.51774,0.0,0.0,1561287730773,4,GSM,False,25942,9401,427,1,-43,4,0
314,25.304313333333333,51.51774,0.0,0.0,1561287730773,5,GSM,False,40781,9402,427,1,-45,4,0
315,25.304313333333333,51.51774,0.0,0.0,1561287730773,6,GSM,False,21292,9401,427,1,-57,4,0
316,25.304313333333333,51.51774,0.0,0.0,1561287730773,7,GSM,True,19912,121,427,2,9,4,0
317,25.304313333333333,51.51774,0.0,0.0,1561287730773,8,GSM,False,19913,121,427,2,-35,4,0
318,25.304313333333333,51.51774,0.0,0.0,1561287730773,9,GSM,False,19911,121,427,2,-39,4,0
319,25.304313333333333,51.51774,0.0,0.0,1561287730773,10,GSM,False,11903,121,427,2,-43,4,0
320,25.304313333333333,51.51774,0.0,0.0,1561287730773,11,GSM,False,10771,161,427,2,-45,4,0
321,25.304313333333333,51.51774,0.0,0.0,1561287730773,12,GSM,False,12032,121,427,2,-51,4,0
322,25.304313333333333,51.51774,0.0,0.0,1561287730773,13,GSM,False,19923,121,427,2,-51,4,0
323,25.304336666666668,51.517668333333326,0.0,0.0,1561287731673,0,GSM,True,44592,9401,427,1,-33,4,0
324,25.304336666666668,51.517668333333326,0.0,0.0,1561287731673,1,GSM,False,49491,9401,427,1,-29,4,0
325,25.304336666666668,51.517668333333326,0.0,0.0,1561287731673,2,GSM,False,45074,9401,427,1,-35,4,0
326,25.304336666666668,51.517668333333326,0.0,0.0,1561287731673,3,GSM,False,49492,9401,427,1,-39,4,0
327,25.304336666666668,51.517668333333326,0.0,0.0,1561287731673,4,GSM,False,25942,9401,427,1,-43,4,0
328,25.304336666666668,51.517668333333326,0.0,0.0,1561287731673,5,GSM,False,40781,9402,427,1,-45,4,0
329,25.304336666666668,51.517668333333326,0.0,0.0,1561287731673,6,GSM,False,21292,9401,427,1,-57,4,0
330,25.304336666666668,51.517668333333326,0.0,0.0,1561287731673,7,GSM,True,19912,121,427,2,9,4,0
331,25.304336666666668,51.517668333333326,0.0,0.0,1561287731673,8,GSM,False,19913,121,427,2,-35,4,0
332,25.304336666666668,51.517668333333326,0.0,0.0,1561287731673,9,GSM,False,19911,121,427,2,-39,4,0
333,25.304336666666668,51.517668333333326,0.0,0.0,1561287731673,10,GSM,False,11903,121,427,2,-43,4,0
334,25.304336666666668,51.517668333333326,0.0,0.0,1561287731673,11,GSM,False,10771,161,427,2,-45,4,0
335,25.304336666666668,51.517668333333326,0.0,0.0,1561287731673,12,GSM,False,12032,121,427,2,-51,4,0
336,25.304336666666668,51.517668333333326,0.0,0.0,1561287731673,13,GSM,False,19923,121,427,2,-51,4,0
337,25.304340000000003,51.517590000000006,0.0,0.0,1561287732677,0,GSM,True,44592,9401,427,1,-33,4,0
338,25.304340000000003,51.517590000000006,0.0,0.0,1561287732677,1,GSM,False,49491,9401,427,1,-29,4,0
339,25.304340000000003,51.517590000000006,0.0,0.0,1561287732677,2,GSM,False,45074,9401,427,1,-35,4,0
340,25.304340000000003,51.517590000000006,0.0,0.0,1561287732677,3,GSM,False,49492,9401,427,1,-39,4,0
341,25.304340000000003,51.517590000000006,0.0,0.0,1561287732677,4,GSM,False,25942,9401,427,1,-43,4,0
342,25.304340000000003,51.517590000000006,0.0,0.0,1561287732677,5,GSM,False,40781,9402,427,1,-45,4,0
343,25.304340000000003,51.517590000000006,0.0,0.0,1561287732677,6,GSM,False,21292,9401,427,1,-57,4,0
344,25.304340000000003,51.517590000000006,0.0,0.0,1561287732677,7,GSM,True,19912,121,427,2,13,4,0
345,25.304340000000003,51.517590000000006,0.0,0.0,1561287732677,8,GSM,False,19913,121,427,2,-35,4,0
346,25.304340000000003,51.517590000000006,0.0,0.0,1561287732677,9,GSM,False,19911,121,427,2,-39,4,0
347,25.304340000000003,51.517590000000006,0.0,0.0,1561287732677,10,GSM,False,11903,121,427,2,-43,4,0
348,25.304340000000003,51.517590000000006,0.0,0.0,1561287732677,11,GSM,False,10771,161,427,2,-45,4,0
349,25.304340000000003,51.517590000000006,0.0,0.0,1561287732677,12,GSM,False,12032,121,427,2,-51,4,0
350,25.304340000000003,51.517590000000006,0.0,0.0,1561287732677,13,GSM,False,19923,121,427,2,-51,4,0
351,25.304346666666667,51.51750333333333,0.0,0.0,1561287733760,0,GSM,True,44592,9401,427,1,-33,4,0
352,25.304346666666667,51.51750333333333,0.0,0.0,1561287733760,1,GSM,False,49491,9401,427,1,-29,4,0
353,25.304346666666667,51.51750333333333,0.0,0.0,1561287733760,2,GSM,False,45074,9401,427,1,-35,4,0
354,25.304346666666667,51.51750333333333,0.0,0.0,1561287733760,3,GSM,False,49492,9401,427,1,-39,4,0
355,25.304346666666667,51.51750333333333,0.0,0.0,1561287733760,4,GSM,False,25942,9401,427,1,-43,4,0
356,25.304346666666667,51.51750333333333,0.0,0.0,1561287733760,5,GSM,False,40781,9402,427,1,-45,4,0
357,25.304346666666667,51.51750333333333,0.0,0.0,1561287733760,6,GSM,False,21292,9401,427,1,-57,4,0
358,25.304346666666667,51.51750333333333,0.0,0.0,1561287733760,7,GSM,True,19912,121,427,2,13,4,0
359,25.304346666666667,51.51750333333333,0.0,0.0,1561287733760,8,GSM,False,19913,121,427,2,-35,4,0
360,25.304346666666667,51.51750333333333,0.0,0.0,1561287733760,9,GSM,False,19911,121,427,2,-39,4,0
361,25.304346666666667,51.51750333333333,0.0,0.0,1561287733760,10,GSM,False,11903,121,427,2,-43,4,0
362,25.304346666666667,51.51750333333333,0.0,0.0,1561287733760,11,GSM,False,10771,161,427,2,-45,4,0
363,25.304346666666667,51.51750333333333,0.0,0.0,1561287733760,12,GSM,False,12032,121,427,2,-51,4,0
364,25.304346666666667,51.51750333333333,0.0,0.0,1561287733760,13,GSM,False,19923,121,427,2,-51,4,0
365,25.304341666666662,51.51741166666668,0.0,0.0,1561287734699,0,GSM,True,44592,9401,427,1,-33,4,0
366,25.304341666666662,51.51741166666668,0.0,0.0,1561287734699,1,GSM,False,49491,9401,427,1,-29,4,0
367,25.304341666666662,51.51741166666668,0.0,0.0,1561287734699,2,GSM,False,45074,9401,427,1,-35,4,0
368,25.304341666666662,51.51741166666668,0.0,0.0,1561287734699,3,GSM,False,49492,9401,427,1,-39,4,0
369,25.304341666666662,51.51741166666668,0.0,0.0,1561287734699,4,GSM,False,25942,9401,427,1,-43,4,0
370,25.304341666666662,51.51741166666668,0.0,0.0,1561287734699,5,GSM,False,40781,9402,427,1,-45,4,0
371,25.304341666666662,51.51741166666668,0.0,0.0,1561287734699,6,GSM,False,21292,9401,427,1,-57,4,0
372,25.304341666666662,51.51741166666668,0.0,0.0,1561287734699,7,GSM,True,19912,121,427,2,13,4,0
373,25.304341666666662,51.51741166666668,0.0,0.0,1561287734699,8,GSM,False,19911,121,427,2,-37,4,0
374,25.304341666666662,51.51741166666668,0.0,0.0,1561287734699,9,GSM,False,19913,121,427,2,-39,4,0
375,25.304341666666662,51.51741166666668,0.0,0.0,1561287734699,10,GSM,False,11903,121,427,2,-45,4,0
376,25.304341666666662,51.51741166666668,0.0,0.0,1561287734699,11,GSM,False,10771,161,427,2,-47,4,0
377,25.304341666666662,51.51741166666668,0.0,0.0,1561287734699,12,GSM,False,19923,121,427,2,-47,4,0
378,25.304341666666662,51.51741166666668,0.0,0.0,1561287734699,13,GSM,False,11371,121,427,2,-49,4,0
379,25.30433833333333,51.51731166666666,0.0,0.0,1561287735728,0,GSM,True,44592,9401,427,1,-33,4,0
380,25.30433833333333,51.51731166666666,0.0,0.0,1561287735728,1,GSM,False,49491,9401,427,1,-29,4,0
381,25.30433833333333,51.51731166666666,0.0,0.0,1561287735728,2,GSM,False,45074,9401,427,1,-35,4,0
382,25.30433833333333,51.51731166666666,0.0,0.0,1561287735728,3,GSM,False,49492,9401,427,1,-39,4,0
383,25.30433833333333,51.51731166666666,0.0,0.0,1561287735728,4,GSM,False,25942,9401,427,1,-43,4,0
384,25.30433833333333,51.51731166666666,0.0,0.0,1561287735728,5,GSM,False,40781,9402,427,1,-45,4,0
385,25.30433833333333,51.51731166666666,0.0,0.0,1561287735728,6,GSM,False,21292,9401,427,1,-57,4,0
386,25.30433833333333,51.51731166666666,0.0,0.0,1561287735728,7,GSM,True,19912,121,427,2,13,4,0
387,25.30433833333333,51.51731166666666,0.0,0.0,1561287735728,8,GSM,False,19911,121,427,2,-37,4,0
388,25.30433833333333,51.51731166666666,0.0,0.0,1561287735728,9,GSM,False,19913,121,427,2,-39,4,0
389,25.30433833333333,51.51731166666666,0.0,0.0,1561287735728,10,GSM,False,11903,121,427,2,-45,4,0
390,25.30433833333333,51.51731166666666,0.0,0.0,1561287735728,11,GSM,False,10771,161,427,2,-47,4,0
391,25.30433833333333,51.51731166666666,0.0,0.0,1561287735728,12,GSM,False,19923,121,427,2,-47,4,0
392,25.30433833333333,51.51731166666666,0.0,0.0,1561287735728,13,GSM,False,11371,121,427,2,-49,4,0
393,25.304340000000003,51.517185000000005,0.0,0.0,1561287736772,0,GSM,True,44592,9401,427,1,-33,4,0
394,25.304340000000003,51.517185000000005,0.0,0.0,1561287736772,1,GSM,False,49491,9401,427,1,-29,4,0
395,25.304340000000003,51.517185000000005,0.0,0.0,1561287736772,2,GSM,False,45074,9401,427,1,-35,4,0
396,25.304340000000003,51.517185000000005,0.0,0.0,1561287736772,3,GSM,False,49492,9401,427,1,-39,4,0
397,25.304340000000003,51.517185000000005,0.0,0.0,1561287736772,4,GSM,False,25942,9401,427,1,-43,4,0
398,25.304340000000003,51.517185000000005,0.0,0.0,1561287736772,5,GSM,False,40781,9402,427,1,-45,4,0
399,25.304340000000003,51.517185000000005,0.0,0.0,1561287736772,6,GSM,False,21292,9401,427,1,-57,4,0
400,25.304340000000003,51.517185000000005,0.0,0.0,1561287736772,7,GSM,True,19912,121,427,2,13,4,0
401,25.304340000000003,51.517185000000005,0.0,0.0,1561287736772,8,GSM,False,19911,121,427,2,-37,4,0
402,25.304340000000003,51.517185000000005,0.0,0.0,1561287736772,9,GSM,False,19913,121,427,2,-39,4,0
403,25.304340000000003,51.517185000000005,0.0,0.0,1561287736772,10,GSM,False,11903,121,427,2,-45,4,0
404,25.304340000000003,51.517185000000005,0.0,0.0,1561287736772,11,GSM,False,10771,161,427,2,-47,4,0
405,25.304340000000003,51.517185000000005,0.0,0.0,1561287736772,12,GSM,False,19923,121,427,2,-47,4,0
406,25.304340000000003,51.517185000000005,0.0,0.0,1561287736772,13,GSM,False,11371,121,427,2,-49,4,0
407,25.304345,51.517073333333336,0.0,0.0,1561287737700,0,GSM,True,44592,9401,427,1,-33,4,0
408,25.304345,51.517073333333336,0.0,0.0,1561287737700,1,GSM,False,49491,9401,427,1,-29,4,0
409,25.304345,51.517073333333336,0.0,0.0,1561287737700,2,GSM,False,45074,9401,427,1,-35,4,0
410,25.304345,51.517073333333336,0.0,0.0,1561287737700,3,GSM,False,49492,9401,427,1,-39,4,0
411,25.304345,51.517073333333336,0.0,0.0,1561287737700,4,GSM,False,25942,9401,427,1,-43,4,0
412,25.304345,51.517073333333336,0.0,0.0,1561287737700,5,GSM,False,40781,9402,427,1,-45,4,0
413,25.304345,51.517073333333336,0.0,0.0,1561287737700,6,GSM,False,21292,9401,427,1,-57,4,0
414,25.304345,51.517073333333336,0.0,0.0,1561287737700,7,GSM,True,19912,121,427,2,13,4,0
415,25.304345,51.517073333333336,0.0,0.0,1561287737700,8,GSM,False,19911,121,427,2,-37,4,0
416,25.304345,51.517073333333336,0.0,0.0,1561287737700,9,GSM,False,19913,121,427,2,-39,4,0
417,25.304345,51.517073333333336,0.0,0.0,1561287737700,10,GSM,False,11903,121,427,2,-45,4,0
418,25.304345,51.517073333333336,0.0,0.0,1561287737700,11,GSM,False,10771,161,427,2,-47,4,0
419,25.304345,51.517073333333336,0.0,0.0,1561287737700,12,GSM,False,19923,121,427,2,-47,4,0
420,25.304345,51.517073333333336,0.0,0.0,1561287737700,13,GSM,False,11371,121,427,2,-49,4,0
421,25.304346666666667,51.516961666666674,0.0,0.0,1561287738671,0,GSM,True,49491,9401,427,1,-39,4,0
422,25.304346666666667,51.516961666666674,0.0,0.0,1561287738671,1,GSM,False,45074,9401,427,1,-35,4,0
423,25.304346666666667,51.516961666666674,0.0,0.0,1561287738671,2,GSM,False,44593,9401,427,1,-37,4,0
424,25.304346666666667,51.516961666666674,0.0,0.0,1561287738671,3,GSM,False,45071,9401,427,1,-41,4,0
425,25.304346666666667,51.516961666666674,0.0,0.0,1561287738671,4,GSM,False,25942,9401,427,1,-41,4,0
426,25.304346666666667,51.516961666666674,0.0,0.0,1561287738671,5,GSM,False,49492,9401,427,1,-49,4,0
427,25.304346666666667,51.516961666666674,0.0,0.0,1561287738671,6,GSM,False,21292,9401,427,1,-55,4,0
428,25.304346666666667,51.516961666666674,0.0,0.0,1561287738671,7,GSM,True,19912,121,427,2,13,4,0
429,25.304346666666667,51.516961666666674,0.0,0.0,1561287738671,8,GSM,False,19911,121,427,2,-37,4,0
430,25.304346666666667,51.516961666666674,0.0,0.0,1561287738671,9,GSM,False,19913,121,427,2,-39,4,0
431,25.304346666666667,51.516961666666674,0.0,0.0,1561287738671,10,GSM,False,11903,121,427,2,-45,4,0
432,25.304346666666667,51.516961666666674,0.0,0.0,1561287738671,11,GSM,False,10771,161,427,2,-47,4,0
433,25.304346666666667,51.516961666666674,0.0,0.0,1561287738671,12,GSM,False,19923,121,427,2,-47,4,0
434,25.304346666666667,51.516961666666674,0.0,0.0,1561287738671,13,GSM,False,11371,121,427,2,-49,4,0
435,25.304348333333337,51.516848333333336,0.0,0.0,1561287739701,0,GSM,True,49491,9401,427,1,-39,4,0
436,25.304348333333337,51.516848333333336,0.0,0.0,1561287739701,1,GSM,False,45074,9401,427,1,-35,4,0
437,25.304348333333337,51.516848333333336,0.0,0.0,1561287739701,2,GSM,False,44593,9401,427,1,-37,4,0
438,25.304348333333337,51.516848333333336,0.0,0.0,1561287739701,3,GSM,False,45071,9401,427,1,-41,4,0
439,25.304348333333337,51.516848333333336,0.0,0.0,1561287739701,4,GSM,False,25942,9401,427,1,-41,4,0
440,25.304348333333337,51.516848333333336,0.0,0.0,1561287739701,5,GSM,False,49492,9401,427,1,-49,4,0
441,25.304348333333337,51.516848333333336,0.0,0.0,1561287739701,6,GSM,False,21292,9401,427,1,-55,4,0
442,25.304348333333337,51.516848333333336,0.0,0.0,1561287739701,7,GSM,True,19912,121,427,2,13,4,0
443,25.304348333333337,51.516848333333336,0.0,0.0,1561287739701,8,GSM,False,19911,121,427,2,-37,4,0
444,25.304348333333337,51.516848333333336,0.0,0.0,1561287739701,9,GSM,False,19913,121,427,2,-39,4,0
445,25.304348333333337,51.516848333333336,0.0,0.0,1561287739701,10,GSM,False,11903,121,427,2,-45,4,0
446,25.304348333333337,51.516848333333336,0.0,0.0,1561287739701,11,GSM,False,10771,161,427,2,-47,4,0
447,25.304348333333337,51.516848333333336,0.0,0.0,1561287739701,12,GSM,False,19923,121,427,2,-47,4,0
448,25.304348333333337,51.516848333333336,0.0,0.0,1561287739701,13,GSM,False,11371,121,427,2,-49,4,0
449,25.304363333333335,51.51671833333333,0.0,0.0,1561287740760,0,GSM,True,49491,9401,427,1,-39,4,0
450,25.304363333333335,51.51671833333333,0.0,0.0,1561287740760,1,GSM,False,45074,9401,427,1,-35,4,0
451,25.304363333333335,51.51671833333333,0.0,0.0,1561287740760,2,GSM,False,44593,9401,427,1,-37,4,0
452,25.304363333333335,51.51671833333333,0.0,0.0,1561287740760,3,GSM,False,45071,9401,427,1,-41,4,0
453,25.304363333333335,51.51671833333333,0.0,0.0,1561287740760,4,GSM,False,25942,9401,427,1,-41,4,0
454,25.304363333333335,51.51671833333333,0.0,0.0,1561287740760,5,GSM,False,49492,9401,427,1,-49,4,0
455,25.304363333333335,51.51671833333333,0.0,0.0,1561287740760,6,GSM,False,21292,9401,427,1,-55,4,0
456,25.304363333333335,51.51671833333333,0.0,0.0,1561287740760,7,GSM,True,19912,121,427,2,13,4,0
457,25.304363333333335,51.51671833333333,0.0,0.0,1561287740760,8,GSM,False,19911,121,427,2,-37,4,0
458,25.304363333333335,51.51671833333333,0.0,0.0,1561287740760,9,GSM,False,19913,121,427,2,-39,4,0
459,25.304363333333335,51.51671833333333,0.0,0.0,1561287740760,10,GSM,False,11903,121,427,2,-45,4,0
460,25.304363333333335,51.51671833333333,0.0,0.0,1561287740760,11,GSM,False,10771,161,427,2,-47,4,0
461,25.304363333333335,51.51671833333333,0.0,0.0,1561287740760,12,GSM,False,19923,121,427,2,-47,4,0
462,25.304363333333335,51.51671833333333,0.0,0.0,1561287740760,13,GSM,False,11371,121,427,2,-49,4,0
463,25.304365,51.51658666666667,0.0,0.0,1561287741762,0,GSM,True,49491,9401,427,1,-39,4,0
464,25.304365,51.51658666666667,0.0,0.0,1561287741762,1,GSM,False,45074,9401,427,1,-35,4,0
465,25.304365,51.51658666666667,0.0,0.0,1561287741762,2,GSM,False,44593,9401,427,1,-37,4,0
466,25.304365,51.51658666666667,0.0,0.0,1561287741762,3,GSM,False,45071,9401,427,1,-41,4,0
467,25.304365,51.51658666666667,0.0,0.0,1561287741762,4,GSM,False,25942,9401,427,1,-41,4,0
468,25.304365,51.51658666666667,0.0,0.0,1561287741762,5,GSM,False,49492,9401,427,1,-49,4,0
469,25.304365,51.51658666666667,0.0,0.0,1561287741762,6,GSM,False,21292,9401,427,1,-55,4,0
470,25.304365,51.51658666666667,0.0,0.0,1561287741762,7,GSM,True,19912,121,427,2,13,4,0
471,25.304365,51.51658666666667,0.0,0.0,1561287741762,8,GSM,False,19911,121,427,2,-37,4,0
472,25.304365,51.51658666666667,0.0,0.0,1561287741762,9,GSM,False,19913,121,427,2,-39,4,0
473,25.304365,51.51658666666667,0.0,0.0,1561287741762,10,GSM,False,11903,121,427,2,-45,4,0
474,25.304365,51.51658666666667,0.0,0.0,1561287741762,11,GSM,False,10771,161,427,2,-47,4,0
475,25.304365,51.51658666666667,0.0,0.0,1561287741762,12,GSM,False,19923,121,427,2,-47,4,0
476,25.304365,51.51658666666667,0.0,0.0,1561287741762,13,GSM,False,11371,121,427,2,-49,4,0
477,25.30437,51.516465,0.0,0.0,1561287742720,0,GSM,True,49491,9401,427,1,-39,4,0
478,25.30437,51.516465,0.0,0.0,1561287742720,1,GSM,False,45074,9401,427,1,-35,4,0
479,25.30437,51.516465,0.0,0.0,1561287742720,2,GSM,False,44593,9401,427,1,-37,4,0
480,25.30437,51.516465,0.0,0.0,1561287742720,3,GSM,False,45071,9401,427,1,-41,4,0
481,25.30437,51.516465,0.0,0.0,1561287742720,4,GSM,False,25942,9401,427,1,-41,4,0
482,25.30437,51.516465,0.0,0.0,1561287742720,5,GSM,False,49492,9401,427,1,-49,4,0
483,25.30437,51.516465,0.0,0.0,1561287742720,6,GSM,False,21292,9401,427,1,-55,4,0
484,25.30437,51.516465,0.0,0.0,1561287742720,7,GSM,True,19912,121,427,2,13,4,0
485,25.30437,51.516465,0.0,0.0,1561287742720,8,GSM,False,19911,121,427,2,-37,4,0
486,25.30437,51.516465,0.0,0.0,1561287742720,9,GSM,False,19913,121,427,2,-39,4,0
487,25.30437,51.516465,0.0,0.0,1561287742720,10,GSM,False,11903,121,427,2,-45,4,0
488,25.30437,51.516465,0.0,0.0,1561287742720,11,GSM,False,10771,161,427,2,-47,4,0
489,25.30437,51.516465,0.0,0.0,1561287742720,12,GSM,False,19923,121,427,2,-47,4,0
490,25.30437,51.516465,0.0,0.0,1561287742720,13,GSM,False,11371,121,427,2,-49,4,0
491,25.30437,51.51634166666666,0.0,0.0,1561287743711,0,GSM,True,49491,9401,427,1,-39,4,0
492,25.30437,51.51634166666666,0.0,0.0,1561287743711,1,GSM,False,45074,9401,427,1,-35,4,0
493,25.30437,51.51634166666666,0.0,0.0,1561287743711,2,GSM,False,44593,9401,427,1,-37,4,0
494,25.30437,51.51634166666666,0.0,0.0,1561287743711,3,GSM,False,45071,9401,427,1,-41,4,0
495,25.30437,51.51634166666666,0.0,0.0,1561287743711,4,GSM,False,25942,9401,427,1,-41,4,0
496,25.30437,51.51634166666666,0.0,0.0,1561287743711,5,GSM,False,49492,9401,427,1,-49,4,0
497,25.30437,51.51634166666666,0.0,0.0,1561287743711,6,GSM,False,21292,9401,427,1,-55,4,0
498,25.30437,51.51634166666666,0.0,0.0,1561287743711,7,GSM,True,19912,121,427,2,13,4,0
499,25.30437,51.51634166666666,0.0,0.0,1561287743711,8,GSM,False,19911,121,427,2,-33,4,0
500,25.30437,51.51634166666666,0.0,0.0,1561287743711,9,GSM,False,19913,121,427,2,-37,4,0
501,25.30437,51.51634166666666,0.0,0.0,1561287743711,10,GSM,False,19923,121,427,2,-47,4,0
502,25.30437,51.51634166666666,0.0,0.0,1561287743711,11,GSM,False,11903,121,427,2,-47,4,0
503,25.30437,51.51634166666666,0.0,0.0,1561287743711,12,GSM,False,10771,161,427,2,-49,4,0
504,25.30437,51.51634166666666,0.0,0.0,1561287743711,13,GSM,False,11371,121,427,2,-51,4,0
505,25.304371666666665,51.516225,0.0,0.0,1561287744653,0,GSM,True,49491,9401,427,1,-39,4,0
506,25.304371666666665,51.516225,0.0,0.0,1561287744653,1,GSM,False,45074,9401,427,1,-35,4,0
507,25.304371666666665,51.516225,0.0,0.0,1561287744653,2,GSM,False,44593,9401,427,1,-37,4,0
508,25.304371666666665,51.516225,0.0,0.0,1561287744653,3,GSM,False,45071,9401,427,1,-41,4,0
509,25.304371666666665,51.516225,0.0,0.0,1561287744653,4,GSM,False,25942,9401,427,1,-41,4,0
510,25.304371666666665,51.516225,0.0,0.0,1561287744653,5,GSM,False,49492,9401,427,1,-49,4,0
511,25.304371666666665,51.516225,0.0,0.0,1561287744653,6,GSM,False,21292,9401,427,1,-55,4,0
512,25.304371666666665,51.516225,0.0,0.0,1561287744653,7,GSM,True,19912,121,427,2,13,4,0
513,25.304371666666665,51.516225,0.0,0.0,1561287744653,8,GSM,False,19911,121,427,2,-33,4,0
514,25.304371666666665,51.516225,0.0,0.0,1561287744653,9,GSM,False,19913,121,427,2,-37,4,0
515,25.304371666666665,51.516225,0.0,0.0,1561287744653,10,GSM,False,19923,121,427,2,-47,4,0
516,25.304371666666665,51.516225,0.0,0.0,1561287744653,11,GSM,False,11903,121,427,2,-47,4,0
517,25.304371666666665,51.516225,0.0,0.0,1561287744653,12,GSM,False,10771,161,427,2,-49,4,0
518,25.304371666666665,51.516225,0.0,0.0,1561287744653,13,GSM,False,11371,121,427,2,-51,4,0
519,25.304371666666665,51.516225,0.0,0.0,1561287744924,1,GSM,False,44592,9401,427,1,-9,4,0
520,25.304375,51.516105,0.0,0.0,1561287745744,0,GSM,True,49491,9401,427,1,-33,4,0
521,25.304375,51.516105,0.0,0.0,1561287745744,1,GSM,False,44592,9401,427,1,-9,4,0
522,25.304375,51.516105,0.0,0.0,1561287745744,2,GSM,False,45074,9401,427,1,-35,4,0
523,25.304375,51.516105,0.0,0.0,1561287745744,3,GSM,False,44593,9401,427,1,-37,4,0
524,25.304375,51.516105,0.0,0.0,1561287745744,4,GSM,False,45071,9401,427,1,-45,4,0
525,25.304375,51.516105,0.0,0.0,1561287745744,5,GSM,False,49492,9401,427,1,-47,4,0
526,25.304375,51.516105,0.0,0.0,1561287745744,6,GSM,False,25942,9401,427,1,-49,4,0
527,25.304375,51.516105,0.0,0.0,1561287745744,7,GSM,True,19912,121,427,2,13,4,0
528,25.304375,51.516105,0.0,0.0,1561287745744,8,GSM,False,19911,121,427,2,-33,4,0
529,25.304375,51.516105,0.0,0.0,1561287745744,9,GSM,False,19913,121,427,2,-37,4,0
530,25.304375,51.516105,0.0,0.0,1561287745744,10,GSM,False,19923,121,427,2,-47,4,0
531,25.304375,51.516105,0.0,0.0,1561287745744,11,GSM,False,11903,121,427,2,-47,4,0
532,25.304375,51.516105,0.0,0.0,1561287745744,12,GSM,False,10771,161,427,2,-49,4,0
533,25.304375,51.516105,0.0,0.0,1561287745744,13,GSM,False,11371,121,427,2,-51,4,0
534,25.30438,51.51599333333333,0.0,0.0,1561287746770,0,GSM,True,49491,9401,427,1,-33,4,0
535,25.30438,51.51599333333333,0.0,0.0,1561287746770,1,GSM,False,44592,9401,427,1,-9,4,0
536,25.30438,51.51599333333333,0.0,0.0,1561287746770,2,GSM,False,45074,9401,427,1,-35,4,0
537,25.30438,51.51599333333333,0.0,0.0,1561287746770,3,GSM,False,44593,9401,427,1,-37,4,0
538,25.30438,51.51599333333333,0.0,0.0,1561287746770,4,GSM,False,45071,9401,427,1,-45,4,0
539,25.30438,51.51599333333333,0.0,0.0,1561287746770,5,GSM,False,49492,9401,427,1,-47,4,0
540,25.30438,51.51599333333333,0.0,0.0,1561287746770,6,GSM,False,25942,9401,427,1,-49,4,0
541,25.30438,51.51599333333333,0.0,0.0,1561287746770,7,GSM,True,19912,121,427,2,13,4,0
542,25.30438,51.51599333333333,0.0,0.0,1561287746770,8,GSM,False,19911,121,427,2,-33,4,0
543,25.30438,51.51599333333333,0.0,0.0,1561287746770,9,GSM,False,19913,121,427,2,-37,4,0
544,25.30438,51.51599333333333,0.0,0.0,1561287746770,10,GSM,False,19923,121,427,2,-47,4,0
545,25.30438,51.51599333333333,0.0,0.0,1561287746770,11,GSM,False,11903,121,427,2,-47,4,0
546,25.30438,51.51599333333333,0.0,0.0,1561287746770,12,GSM,False,10771,161,427,2,-49,4,0
547,25.30438,51.51599333333333,0.0,0.0,1561287746770,13,GSM,False,11371,121,427,2,-51,4,0
548,25.30438333333333,51.51588333333334,0.0,0.0,1561287747702,0,GSM,True,49491,9401,427,1,-33,4,0
549,25.30438333333333,51.51588333333334,0.0,0.0,1561287747702,1,GSM,False,44592,9401,427,1,-9,4,0
550,25.30438333333333,51.51588333333334,0.0,0.0,1561287747702,2,GSM,False,45074,9401,427,1,-35,4,0
551,25.30438333333333,51.51588333333334,0.0,0.0,1561287747702,3,GSM,False,44593,9401,427,1,-37,4,0
552,25.30438333333333,51.51588333333334,0.0,0.0,1561287747702,4,GSM,False,45071,9401,427,1,-45,4,0
553,25.30438333333333,51.51588333333334,0.0,0.0,1561287747702,5,GSM,False,49492,9401,427,1,-47,4,0
554,25.30438333333333,51.51588333333334,0.0,0.0,1561287747702,6,GSM,False,25942,9401,427,1,-49,4,0
555,25.30438333333333,51.51588333333334,0.0,0.0,1561287747702,7,GSM,True,19912,121,427,2,-1,4,0
556,25.30438333333333,51.51588333333334,0.0,0.0,1561287747702,8,GSM,False,19911,121,427,2,-33,4,0
557,25.30438333333333,51.51588333333334,0.0,0.0,1561287747702,9,GSM,False,19913,121,427,2,-37,4,0
558,25.30438333333333,51.51588333333334,0.0,0.0,1561287747702,10,GSM,False,19923,121,427,2,-47,4,0
559,25.30438333333333,51.51588333333334,0.0,0.0,1561287747702,11,GSM,False,11903,121,427,2,-47,4,0
560,25.30438333333333,51.51588333333334,0.0,0.0,1561287747702,12,GSM,False,10771,161,427,2,-49,4,0
561,25.30438333333333,51.51588333333334,0.0,0.0,1561287747702,13,GSM,False,11371,121,427,2,-51,4,0
562,25.30439,51.51577666666667,0.0,0.0,1561287748719,0,GSM,True,49491,9401,427,1,-33,4,0
563,25.30439,51.51577666666667,0.0,0.0,1561287748719,1,GSM,False,44592,9401,427,1,-9,4,0
564,25.30439,51.51577666666667,0.0,0.0,1561287748719,2,GSM,False,45074,9401,427,1,-35,4,0
565,25.30439,51.51577666666667,0.0,0.0,1561287748719,3,GSM,False,44593,9401,427,1,-37,4,0
566,25.30439,51.51577666666667,0.0,0.0,1561287748719,4,GSM,False,45071,9401,427,1,-45,4,0
567,25.30439,51.51577666666667,0.0,0.0,1561287748719,5,GSM,False,49492,9401,427,1,-47,4,0
568,25.30439,51.51577666666667,0.0,0.0,1561287748719,6,GSM,False,25942,9401,427,1,-49,4,0
569,25.30439,51.51577666666667,0.0,0.0,1561287748719,7,GSM,True,19912,121,427,2,-1,4,0
570,25.30439,51.51577666666667,0.0,0.0,1561287748719,8,GSM,False,19911,121,427,2,-33,4,0
571,25.30439,51.51577666666667,0.0,0.0,1561287748719,9,GSM,False,19913,121,427,2,-37,4,0
572,25.30439,51.51577666666667,0.0,0.0,1561287748719,10,GSM,False,19923,121,427,2,-47,4,0
573,25.30439,51.51577666666667,0.0,0.0,1561287748719,11,GSM,False,11903,121,427,2,-47,4,0
574,25.30439,51.51577666666667,0.0,0.0,1561287748719,12,GSM,False,10771,161,427,2,-49,4,0
575,25.30439,51.51577666666667,0.0,0.0,1561287748719,13,GSM,False,11371,121,427,2,-51,4,0
576,25.30439666666667,51.51567333333334,0.0,0.0,1561287749751,0,GSM,True,49491,9401,427,1,-33,4,0
577,25.30439666666667,51.51567333333334,0.0,0.0,1561287749751,1,GSM,False,44592,9401,427,1,-9,4,0
578,25.30439666666667,51.51567333333334,0.0,0.0,1561287749751,2,GSM,False,45074,9401,427,1,-35,4,0
579,25.30439666666667,51.51567333333334,0.0,0.0,1561287749751,3,GSM,False,44593,9401,427,1,-37,4,0
580,25.30439666666667,51.51567333333334,0.0,0.0,1561287749751,4,GSM,False,45071,9401,427,1,-45,4,0
581,25.30439666666667,51.51567333333334,0.0,0.0,1561287749751,5,GSM,False,49492,9401,427,1,-47,4,0
582,25.30439666666667,51.51567333333334,0.0,0.0,1561287749751,6,GSM,False,25942,9401,427,1,-49,4,0
583,25.30439666666667,51.51567333333334,0.0,0.0,1561287749751,7,GSM,True,19912,121,427,2,-1,4,0
584,25.30439666666667,51.51567333333334,0.0,0.0,1561287749751,8,GSM,False,19911,121,427,2,-33,4,0
585,25.30439666666667,51.51567333333334,0.0,0.0,1561287749751,9,GSM,False,19913,121,427,2,-37,4,0
586,25.30439666666667,51.51567333333334,0.0,0.0,1561287749751,10,GSM,False,19923,121,427,2,-47,4,0
587,25.30439666666667,51.51567333333334,0.0,0.0,1561287749751,11,GSM,False,11903,121,427,2,-47,4,0
588,25.30439666666667,51.51567333333334,0.0,0.0,1561287749751,12,GSM,False,10771,161,427,2,-49,4,0
589,25.30439666666667,51.51567333333334,0.0,0.0,1561287749751,13,GSM,False,11371,121,427,2,-51,4,0
590,25.30440833333334,51.515571666666666,0.0,0.0,1561287750699,0,GSM,True,49491,9401,427,1,-33,4,0
591,25.30440833333334,51.515571666666666,0.0,0.0,1561287750699,1,GSM,False,44592,9401,427,1,-9,4,0
592,25.30440833333334,51.515571666666666,0.0,0.0,1561287750699,2,GSM,False,45074,9401,427,1,-35,4,0
593,25.30440833333334,51.515571666666666,0.0,0.0,1561287750699,3,GSM,False,44593,9401,427,1,-37,4,0
594,25.30440833333334,51.515571666666666,0.0,0.0,1561287750699,4,GSM,False,45071,9401,427,1,-45,4,0
595,25.30440833333334,51.515571666666666,0.0,0.0,1561287750699,5,GSM,False,49492,9401,427,1,-47,4,0
596,25.30440833333334,51.515571666666666,0.0,0.0,1561287750699,6,GSM,False,25942,9401,427,1,-49,4,0
597,25.30440833333334,51.515571666666666,0.0,0.0,1561287750699,7,GSM,True,19912,121,427,2,-1,4,0
598,25.30440833333334,51.515571666666666,0.0,0.0,1561287750699,8,GSM,False,19911,121,427,2,-33,4,0
599,25.30440833333334,51.515571666666666,0.0,0.0,1561287750699,9,GSM,False,19913,121,427,2,-37,4,0
600,25.30440833333334,51.515571666666666,0.0,0.0,1561287750699,10,GSM,False,19923,121,427,2,-47,4,0
601,25.30440833333334,51.515571666666666,0.0,0.0,1561287750699,11,GSM,False,11903,121,427,2,-47,4,0
602,25.30440833333334,51.515571666666666,0.0,0.0,1561287750699,12,GSM,False,10771,161,427,2,-49,4,0
603,25.30440833333334,51.515571666666666,0.0,0.0,1561287750699,13,GSM,False,11371,121,427,2,-51,4,0
604,25.30440833333334,51.515571666666666,0.0,0.0,1561287751114,9,GSM,False,11131,161,427,2,-37,4,0
605,25.304430000000004,51.515475,0.0,0.0,1561287751730,0,GSM,True,49491,9401,427,1,-33,4,0
606,25.304430000000004,51.515475,0.0,0.0,1561287751730,1,GSM,False,44592,9401,427,1,-9,4,0
607,25.304430000000004,51.515475,0.0,0.0,1561287751730,2,GSM,False,45074,9401,427,1,-35,4,0
608,25.304430000000004,51.515475,0.0,0.0,1561287751730,3,GSM,False,44593,9401,427,1,-37,4,0
609,25.304430000000004,51.515475,0.0,0.0,1561287751730,4,GSM,False,45071,9401,427,1,-45,4,0
610,25.304430000000004,51.515475,0.0,0.0,1561287751730,5,GSM,False,49492,9401,427,1,-47,4,0
611,25.304430000000004,51.515475,0.0,0.0,1561287751730,6,GSM,False,25942,9401,427,1,-49,4,0
612,25.304430000000004,51.515475,0.0,0.0,1561287751730,7,GSM,True,19912,121,427,2,-15,4,0
613,25.304430000000004,51.515475,0.0,0.0,1561287751730,8,GSM,False,19913,121,427,2,-31,4,0
614,25.304430000000004,51.515475,0.0,0.0,1561287751730,9,GSM,False,11131,161,427,2,-37,4,0
615,25.304430000000004,51.515475,0.0,0.0,1561287751730,10,GSM,False,11903,121,427,2,-49,4,0
616,25.304430000000004,51.515475,0.0,0.0,1561287751730,11,GSM,False,10771,161,427,2,-49,4,0
617,25.304430000000004,51.515475,0.0,0.0,1561287751730,12,GSM,False,11371,121,427,2,-51,4,0
618,25.304430000000004,51.515475,0.0,0.0,1561287751730,13,GSM,False,19923,121,427,2,-51,4,0
619,25.30446333333333,51.51538333333333,0.0,0.0,1561287752707,0,GSM,True,49491,9401,427,1,-33,4,0
620,25.30446333333333,51.51538333333333,0.0,0.0,1561287752707,1,GSM,False,44592,9401,427,1,-9,4,0
621,25.30446333333333,51.51538333333333,0.0,0.0,1561287752707,2,GSM,False,45074,9401,427,1,-35,4,0
622,25.30446333333333,51.51538333333333,0.0,0.0,1561287752707,3,GSM,False,44593,9401,427,1,-37,4,0
623,25.30446333333333,51.51538333333333,0.0,0.0,1561287752707,4,GSM,False,45071,9401,427,1,-45,4,0
624,25.30446333333333,51.51538333333333,0.0,0.0,1561287752707,5,GSM,False,49492,9401,427,1,-47,4,0
625,25.30446333333333,51.51538333333333,0.0,0.0,1561287752707,6,GSM,False,25942,9401,427,1,-49,4,0
626,25.30446333333333,51.51538333333333,0.0,0.0,1561287752707,7,GSM,True,19912,121,427,2,-15,4,0
627,25.30446333333333,51.51538333333333,0.0,0.0,1561287752707,8,GSM,False,19913,121,427,2,-31,4,0
628,25.30446333333333,51.51538333333333,0.0,0.0,1561287752707,9,GSM,False,11131,161,427,2,-37,4,0
629,25.30446333333333,51.51538333333333,0.0,0.0,1561287752707,10,GSM,False,11903,121,427,2,-49,4,0
630,25.30446333333333,51.51538333333333,0.0,0.0,1561287752707,11,GSM,False,10771,161,427,2,-49,4,0
631,25.30446333333333,51.51538333333333,0.0,0.0,1561287752707,12,GSM,False,11371,121,427,2,-51,4,0
632,25.30446333333333,51.51538333333333,0.0,0.0,1561287752707,13,GSM,False,19923,121,427,2,-51,4,0
633,25.30451,51.51529833333334,0.0,0.0,1561287753684,0,GSM,True,49491,9401,427,1,-33,4,0
634,25.30451,51.51529833333334,0.0,0.0,1561287753684,1,GSM,False,44592,9401,427,1,-9,4,0
635,25.30451,51.51529833333334,0.0,0.0,1561287753684,2,GSM,False,45074,9401,427,1,-35,4,0
636,25.30451,51.51529833333334,0.0,0.0,1561287753684,3,GSM,False,44593,9401,427,1,-37,4,0
637,25.30451,51.51529833333334,0.0,0.0,1561287753684,4,GSM,False,45071,9401,427,1,-45,4,0
638,25.30451,51.51529833333334,0.0,0.0,1561287753684,5,GSM,False,49492,9401,427,1,-47,4,0
639,25.30451,51.51529833333334,0.0,0.0,1561287753684,6,GSM,False,25942,9401,427,1,-49,4,0
640,25.30451,51.51529833333334,0.0,0.0,1561287753684,7,GSM,True,19912,121,427,2,-15,4,0
641,25.30451,51.51529833333334,0.0,0.0,1561287753684,8,GSM,False,19913,121,427,2,-31,4,0
642,25.30451,51.51529833333334,0.0,0.0,1561287753684,9,GSM,False,11131,161,427,2,-37,4,0
643,25.30451,51.51529833333334,0.0,0.0,1561287753684,10,GSM,False,11903,121,427,2,-49,4,0
644,25.30451,51.51529833333334,0.0,0.0,1561287753684,11,GSM,False,10771,161,427,2,-49,4,0
645,25.30451,51.51529833333334,0.0,0.0,1561287753684,12,GSM,False,11371,121,427,2,-51,4,0
646,25.30451,51.51529833333334,0.0,0.0,1561287753684,13,GSM,False,19923,121,427,2,-51,4,0
647,25.30457333333333,51.51521833333333,0.0,0.0,1561287754653,0,GSM,True,49491,9401,427,1,-33,4,0
648,25.30457333333333,51.51521833333333,0.0,0.0,1561287754653,1,GSM,False,44592,9401,427,1,-9,4,0
649,25.30457333333333,51.51521833333333,0.0,0.0,1561287754653,2,GSM,False,45074,9401,427,1,-35,4,0
650,25.30457333333333,51.51521833333333,0.0,0.0,1561287754653,3,GSM,False,44593,9401,427,1,-37,4,0
651,25.30457333333333,51.51521833333333,0.0,0.0,1561287754653,4,GSM,False,45071,9401,427,1,-45,4,0
652,25.30457333333333,51.51521833333333,0.0,0.0,1561287754653,5,GSM,False,49492,9401,427,1,-47,4,0
653,25.30457333333333,51.51521833333333,0.0,0.0,1561287754653,6,GSM,False,25942,9401,427,1,-49,4,0
654,25.30457333333333,51.51521833333333,0.0,0.0,1561287754653,7,GSM,True,19912,121,427,2,-15,4,0
655,25.30457333333333,51.51521833333333,0.0,0.0,1561287754653,8,GSM,False,19913,121,427,2,-31,4,0
656,25.30457333333333,51.51521833333333,0.0,0.0,1561287754653,9,GSM,False,11131,161,427,2,-37,4,0
657,25.30457333333333,51.51521833333333,0.0,0.0,1561287754653,10,GSM,False,11903,121,427,2,-49,4,0
658,25.30457333333333,51.51521833333333,0.0,0.0,1561287754653,11,GSM,False,10771,161,427,2,-49,4,0
659,25.30457333333333,51.51521833333333,0.0,0.0,1561287754653,12,GSM,False,11371,121,427,2,-51,4,0
660,25.30457333333333,51.51521833333333,0.0,0.0,1561287754653,13,GSM,False,19923,121,427,2,-51,4,0
661,25.30457333333333,51.51521833333333,0.0,0.0,1561287755238,12,GSM,False,12032,121,427,2,-57,4,0
662,25.304661666666668,51.515148333333336,0.0,0.0,1561287755790,0,GSM,True,44592,9401,427,1,-29,4,0
663,25.304661666666668,51.515148333333336,0.0,0.0,1561287755790,1,GSM,False,44593,9401,427,1,13,4,0
664,25.304661666666668,51.515148333333336,0.0,0.0,1561287755790,2,GSM,False,45071,9401,427,1,-19,4,0
665,25.304661666666668,51.515148333333336,0.0,0.0,1561287755790,3,GSM,False,49492,9401,427,1,-39,4,0
666,25.304661666666668,51.515148333333336,0.0,0.0,1561287755790,4,GSM,False,25942,9401,427,1,-47,4,0
667,25.304661666666668,51.515148333333336,0.0,0.0,1561287755790,5,GSM,False,45074,9401,427,1,-53,4,0
668,25.304661666666668,51.515148333333336,0.0,0.0,1561287755790,6,GSM,True,19912,121,427,2,-21,4,0
669,25.304661666666668,51.515148333333336,0.0,0.0,1561287755790,7,GSM,False,19913,121,427,2,-31,4,0
670,25.304661666666668,51.515148333333336,0.0,0.0,1561287755790,8,GSM,False,11131,161,427,2,-37,4,0
671,25.304661666666668,51.515148333333336,0.0,0.0,1561287755790,9,GSM,False,11903,121,427,2,-49,4,0
672,25.304661666666668,51.515148333333336,0.0,0.0,1561287755790,10,GSM,False,10771,161,427,2,-49,4,0
673,25.304661666666668,51.515148333333336,0.0,0.0,1561287755790,11,GSM,False,11371,121,427,2,-51,4,0
674,25.304661666666668,51.515148333333336,0.0,0.0,1561287755790,12,GSM,False,12032,121,427,2,-57,4,0
675,25.30476,51.515081666666674,0.0,0.0,1561287756742,0,GSM,True,44592,9401,427,1,-29,4,0
676,25.30476,51.515081666666674,0.0,0.0,1561287756742,1,GSM,False,44593,9401,427,1,13,4,0
677,25.30476,51.515081666666674,0.0,0.0,1561287756742,2,GSM,False,45071,9401,427,1,-19,4,0
678,25.30476,51.515081666666674,0.0,0.0,1561287756742,3,GSM,False,49492,9401,427,1,-39,4,0
679,25.30476,51.515081666666674,0.0,0.0,1561287756742,4,GSM,False,25942,9401,427,1,-47,4,0
680,25.30476,51.515081666666674,0.0,0.0,1561287756742,5,GSM,False,45074,9401,427,1,-53,4,0
681,25.30476,51.515081666666674,0.0,0.0,1561287756742,6,GSM,True,19912,121,427,2,-21,4,0
682,25.30476,51.515081666666674,0.0,0.0,1561287756742,7,GSM,False,19913,121,427,2,-31,4,0
683,25.30476,51.515081666666674,0.0,0.0,1561287756742,8,GSM,False,11131,161,427,2,-37,4,0
684,25.30476,51.515081666666674,0.0,0.0,1561287756742,9,GSM,False,11903,121,427,2,-49,4,0
685,25.30476,51.515081666666674,0.0,0.0,1561287756742,10,GSM,False,10771,161,427,2,-49,4,0
686,25.30476,51.515081666666674,0.0,0.0,1561287756742,11,GSM,False,11371,121,427,2,-51,4,0
687,25.30476,51.515081666666674,0.0,0.0,1561287756742,12,GSM,False,12032,121,427,2,-57,4,0
688,25.30476,51.515081666666674,0.0,0.0,1561287757271,9,GSM,False,19942,121,427,2,-47,4,0
689,25.30476,51.515081666666674,0.0,0.0,1561287757271,12,GSM,False,10532,120,427,2,-53,4,0
690,25.30487,51.515025,0.0,0.0,1561287757710,0,GSM,True,44592,9401,427,1,-29,4,0
691,25.30487,51.515025,0.0,0.0,1561287757710,1,GSM,False,44593,9401,427,1,13,4,0
692,25.30487,51.515025,0.0,0.0,1561287757710,2,GSM,False,45071,9401,427,1,-19,4,0
693,25.30487,51.515025,0.0,0.0,1561287757710,3,GSM,False,49492,9401,427,1,-39,4,0
694,25.30487,51.515025,0.0,0.0,1561287757710,4,GSM,False,25942,9401,427,1,-47,4,0
695,25.30487,51.515025,0.0,0.0,1561287757710,5,GSM,False,45074,9401,427,1,-53,4,0
696,25.30487,51.515025,0.0,0.0,1561287757710,6,GSM,True,19912,121,427,2,-27,4,0
697,25.30487,51.515025,0.0,0.0,1561287757710,7,GSM,False,19913,121,427,2,-29,4,0
698,25.30487,51.515025,0.0,0.0,1561287757710,8,GSM,False,11131,161,427,2,-33,4,0
699,25.30487,51.515025,0.0,0.0,1561287757710,9,GSM,False,19942,121,427,2,-47,4,0
700,25.30487,51.515025,0.0,0.0,1561287757710,10,GSM,False,10771,161,427,2,-49,4,0
701,25.30487,51.515025,0.0,0.0,1561287757710,11,GSM,False,11371,121,427,2,-49,4,0
702,25.30487,51.515025,0.0,0.0,1561287757710,12,GSM,False,10532,120,427,2,-53,4,0
703,25.30498333333333,51.514968333333336,0.0,0.0,1561287758740,0,GSM,True,44592,9401,427,1,-29,4,0
704,25.30498333333333,51.514968333333336,0.0,0.0,1561287758740,1,GSM,False,44593,9401,427,1,13,4,0
705,25.30498333333333,51.514968333333336,0.0,0.0,1561287758740,2,GSM,False,45071,9401,427,1,-19,4,0
706,25.30498333333333,51.514968333333336,0.0,0.0,1561287758740,3,GSM,False,49492,9401,427,1,-39,4,0
707,25.30498333333333,51.514968333333336,0.0,0.0,1561287758740,4,GSM,False,25942,9401,427,1,-47,4,0
708,25.30498333333333,51.514968333333336,0.0,0.0,1561287758740,5,GSM,False,45074,9401,427,1,-53,4,0
709,25.30498333333333,51.514968333333336,0.0,0.0,1561287758740,6,GSM,True,19912,121,427,2,-27,4,0
710,25.30498333333333,51.514968333333336,0.0,0.0,1561287758740,7,GSM,False,19913,121,427,2,-29,4,0
711,25.30498333333333,51.514968333333336,0.0,0.0,1561287758740,8,GSM,False,11131,161,427,2,-33,4,0
712,25.30498333333333,51.514968333333336,0.0,0.0,1561287758740,9,GSM,False,19942,121,427,2,-47,4,0
713,25.30498333333333,51.514968333333336,0.0,0.0,1561287758740,10,GSM,False,10771,161,427,2,-49,4,0
714,25.30498333333333,51.514968333333336,0.0,0.0,1561287758740,11,GSM,False,11371,121,427,2,-49,4,0
715,25.30498333333333,51.514968333333336,0.0,0.0,1561287758740,12,GSM,False,10532,120,427,2,-53,4,0
716,25.3051,51.514915,0.0,0.0,1561287759741,0,GSM,True,44592,9401,427,1,-29,4,0
717,25.3051,51.514915,0.0,0.0,1561287759741,1,GSM,False,44593,9401,427,1,13,4,0
718,25.3051,51.514915,0.0,0.0,1561287759741,2,GSM,False,45071,9401,427,1,-19,4,0
719,25.3051,51.514915,0.0,0.0,1561287759741,3,GSM,False,49492,9401,427,1,-39,4,0
720,25.3051,51.514915,0.0,0.0,1561287759741,4,GSM,False,25942,9401,427,1,-47,4,0
721,25.3051,51.514915,0.0,0.0,1561287759741,5,GSM,False,45074,9401,427,1,-53,4,0
722,25.3051,51.514915,0.0,0.0,1561287759741,6,GSM,True,19912,121,427,2,-27,4,0
723,25.3051,51.514915,0.0,0.0,1561287759741,7,GSM,False,19913,121,427,2,-29,4,0
724,25.3051,51.514915,0.0,0.0,1561287759741,8,GSM,False,11131,161,427,2,-33,4,0
725,25.3051,51.514915,0.0,0.0,1561287759741,9,GSM,False,19942,121,427,2,-47,4,0
726,25.3051,51.514915,0.0,0.0,1561287759741,10,GSM,False,10771,161,427,2,-49,4,0
727,25.3051,51.514915,0.0,0.0,1561287759741,11,GSM,False,11371,121,427,2,-49,4,0
728,25.3051,51.514915,0.0,0.0,1561287759741,12,GSM,False,10532,120,427,2,-53,4,0
729,25.305226666666663,51.51486,0.0,0.0,1561287760730,0,GSM,True,44592,9401,427,1,-29,4,0
730,25.305226666666663,51.51486,0.0,0.0,1561287760730,1,GSM,False,44593,9401,427,1,13,4,0
731,25.305226666666663,51.51486,0.0,0.0,1561287760730,2,GSM,False,45071,9401,427,1,-19,4,0
732,25.305226666666663,51.51486,0.0,0.0,1561287760730,3,GSM,False,49492,9401,427,1,-39,4,0
733,25.305226666666663,51.51486,0.0,0.0,1561287760730,4,GSM,False,25942,9401,427,1,-47,4,0
734,25.305226666666663,51.51486,0.0,0.0,1561287760730,5,GSM,False,45074,9401,427,1,-53,4,0
735,25.305226666666663,51.51486,0.0,0.0,1561287760730,6,GSM,True,19912,121,427,2,-27,4,0
736,25.305226666666663,51.51486,0.0,0.0,1561287760730,7,GSM,False,19913,121,427,2,-29,4,0
737,25.305226666666663,51.51486,0.0,0.0,1561287760730,8,GSM,False,11131,161,427,2,-33,4,0
738,25.305226666666663,51.51486,0.0,0.0,1561287760730,9,GSM,False,19942,121,427,2,-47,4,0
739,25.305226666666663,51.51486,0.0,0.0,1561287760730,10,GSM,False,10771,161,427,2,-49,4,0
740,25.305226666666663,51.51486,0.0,0.0,1561287760730,11,GSM,False,11371,121,427,2,-49,4,0
741,25.305226666666663,51.51486,0.0,0.0,1561287760730,12,GSM,False,10532,120,427,2,-53,4,0
742,25.305361666666663,51.514805,0.0,0.0,1561287761803,0,GSM,True,44592,9401,427,1,-29,4,0
743,25.305361666666663,51.514805,0.0,0.0,1561287761803,1,GSM,False,44593,9401,427,1,13,4,0
744,25.305361666666663,51.514805,0.0,0.0,1561287761803,2,GSM,False,45071,9401,427,1,-19,4,0
745,25.305361666666663,51.514805,0.0,0.0,1561287761803,3,GSM,False,49492,9401,427,1,-39,4,0
746,25.305361666666663,51.514805,0.0,0.0,1561287761803,4,GSM,False,25942,9401,427,1,-47,4,0
747,25.305361666666663,51.514805,0.0,0.0,1561287761803,5,GSM,False,45074,9401,427,1,-53,4,0
748,25.305361666666663,51.514805,0.0,0.0,1561287761803,6,GSM,True,19912,121,427,2,-35,4,0
749,25.305361666666663,51.514805,0.0,0.0,1561287761803,7,GSM,False,19913,121,427,2,-29,4,0
750,25.305361666666663,51.514805,0.0,0.0,1561287761803,8,GSM,False,11131,161,427,2,-33,4,0
751,25.305361666666663,51.514805,0.0,0.0,1561287761803,9,GSM,False,19942,121,427,2,-47,4,0
752,25.305361666666663,51.514805,0.0,0.0,1561287761803,10,GSM,False,10771,161,427,2,-49,4,0
753,25.305361666666663,51.514805,0.0,0.0,1561287761803,11,GSM,False,11371,121,427,2,-49,4,0
754,25.305361666666663,51.514805,0.0,0.0,1561287761803,12,GSM,False,10532,120,427,2,-53,4,0
755,25.30550333333333,51.51475833333334,0.0,0.0,1561287762737,0,GSM,True,44592,9401,427,1,-29,4,0
756,25.30550333333333,51.51475833333334,0.0,0.0,1561287762737,1,GSM,False,44593,9401,427,1,13,4,0
757,25.30550333333333,51.51475833333334,0.0,0.0,1561287762737,2,GSM,False,45071,9401,427,1,-19,4,0
758,25.30550333333333,51.51475833333334,0.0,0.0,1561287762737,3,GSM,False,49492,9401,427,1,-39,4,0
759,25.30550333333333,51.51475833333334,0.0,0.0,1561287762737,4,GSM,False,25942,9401,427,1,-47,4,0
760,25.30550333333333,51.51475833333334,0.0,0.0,1561287762737,5,GSM,False,45074,9401,427,1,-53,4,0
761,25.30550333333333,51.51475833333334,0.0,0.0,1561287762737,6,GSM,True,19912,121,427,2,-35,4,0
762,25.30550333333333,51.51475833333334,0.0,0.0,1561287762737,7,GSM,False,19913,121,427,2,-29,4,0
763,25.30550333333333,51.51475833333334,0.0,0.0,1561287762737,8,GSM,False,11131,161,427,2,-33,4,0
764,25.30550333333333,51.51475833333334,0.0,0.0,1561287762737,9,GSM,False,19942,121,427,2,-47,4,0
765,25.30550333333333,51.51475833333334,0.0,0.0,1561287762737,10,GSM,False,10771,161,427,2,-49,4,0
766,25.30550333333333,51.51475833333334,0.0,0.0,1561287762737,11,GSM,False,11371,121,427,2,-49,4,0
767,25.30550333333333,51.51475833333334,0.0,0.0,1561287762737,12,GSM,False,10532,120,427,2,-53,4,0
768,25.30565333333333,51.514716666666665,0.0,0.0,1561287763701,0,GSM,True,44592,9401,427,1,-29,4,0
769,25.30565333333333,51.514716666666665,0.0,0.0,1561287763701,1,GSM,False,44593,9401,427,1,13,4,0
770,25.30565333333333,51.514716666666665,0.0,0.0,1561287763701,2,GSM,False,45071,9401,427,1,-19,4,0
771,25.30565333333333,51.514716666666665,0.0,0.0,1561287763701,3,GSM,False,49492,9401,427,1,-39,4,0
772,25.30565333333333,51.514716666666665,0.0,0.0,1561287763701,4,GSM,False,25942,9401,427,1,-47,4,0
773,25.30565333333333,51.514716666666665,0.0,0.0,1561287763701,5,GSM,False,45074,9401,427,1,-53,4,0
774,25.30565333333333,51.514716666666665,0.0,0.0,1561287763701,6,GSM,True,19912,121,427,2,-35,4,0
775,25.30565333333333,51.514716666666665,0.0,0.0,1561287763701,7,GSM,False,19913,121,427,2,-29,4,0
776,25.30565333333333,51.514716666666665,0.0,0.0,1561287763701,8,GSM,False,11131,161,427,2,-33,4,0
777,25.30565333333333,51.514716666666665,0.0,0.0,1561287763701,9,GSM,False,19942,121,427,2,-47,4,0
778,25.30565333333333,51.514716666666665,0.0,0.0,1561287763701,10,GSM,False,10771,161,427,2,-49,4,0
779,25.30565333333333,51.514716666666665,0.0,0.0,1561287763701,11,GSM,False,11371,121,427,2,-49,4,0
780,25.30565333333333,51.514716666666665,0.0,0.0,1561287763701,12,GSM,False,10532,120,427,2,-53,4,0
781,25.30580833333333,51.51467833333333,0.0,0.0,1561287764690,0,GSM,True,44592,9401,427,1,-29,4,0
782,25.30580833333333,51.51467833333333,0.0,0.0,1561287764690,1,GSM,False,44593,9401,427,1,13,4,0
783,25.30580833333333,51.51467833333333,0.0,0.0,1561287764690,2,GSM,False,45071,9401,427,1,-19,4,0
784,25.30580833333333,51.51467833333333,0.0,0.0,1561287764690,3,GSM,False,49492,9401,427,1,-39,4,0
785,25.30580833333333,51.51467833333333,0.0,0.0,1561287764690,4,GSM,False,25942,9401,427,1,-47,4,0
786,25.30580833333333,51.51467833333333,0.0,0.0,1561287764690,5,GSM,False,45074,9401,427,1,-53,4,0
787,25.30580833333333,51.51467833333333,0.0,0.0,1561287764690,6,GSM,True,19912,121,427,2,-35,4,0
788,25.30580833333333,51.51467833333333,0.0,0.0,1561287764690,7,GSM,False,19913,121,427,2,-29,4,0
789,25.30580833333333,51.51467833333333,0.0,0.0,1561287764690,8,GSM,False,11131,161,427,2,-33,4,0
790,25.30580833333333,51.51467833333333,0.0,0.0,1561287764690,9,GSM,False,19942,121,427,2,-47,4,0
791,25.30580833333333,51.51467833333333,0.0,0.0,1561287764690,10,GSM,False,10771,161,427,2,-49,4,0
792,25.30580833333333,51.51467833333333,0.0,0.0,1561287764690,11,GSM,False,11371,121,427,2,-49,4,0
793,25.30580833333333,51.51467833333333,0.0,0.0,1561287764690,12,GSM,False,10532,120,427,2,-53,4,0
794,25.305975,51.51464333333333,0.0,0.0,1561287765767,0,GSM,True,44592,9401,427,1,-29,4,0
795,25.305975,51.51464333333333,0.0,0.0,1561287765767,1,GSM,False,44593,9401,427,1,13,4,0
796,25.305975,51.51464333333333,0.0,0.0,1561287765767,2,GSM,False,45071,9401,427,1,-19,4,0
797,25.305975,51.51464333333333,0.0,0.0,1561287765767,3,GSM,False,49492,9401,427,1,-39,4,0
798,25.305975,51.51464333333333,0.0,0.0,1561287765767,4,GSM,False,25942,9401,427,1,-47,4,0
799,25.305975,51.51464333333333,0.0,0.0,1561287765767,5,GSM,False,45074,9401,427,1,-53,4,0
800,25.305975,51.51464333333333,0.0,0.0,1561287765767,6,GSM,True,19912,121,427,2,-29,4,0
801,25.305975,51.51464333333333,0.0,0.0,1561287765767,7,GSM,False,19913,121,427,2,-31,4,0
802,25.305975,51.51464333333333,0.0,0.0,1561287765767,8,GSM,False,11131,161,427,2,-37,4,0
803,25.305975,51.51464333333333,0.0,0.0,1561287765767,9,GSM,False,19942,121,427,2,-45,4,0
804,25.305975,51.51464333333333,0.0,0.0,1561287765767,10,GSM,False,10771,161,427,2,-47,4,0
805,25.305975,51.51464333333333,0.0,0.0,1561287765767,11,GSM,False,11371,121,427,2,-49,4,0
806,25.305975,51.51464333333333,0.0,0.0,1561287765767,12,GSM,False,10532,120,427,2,-57,4,0
807,25.306148333333333,51.51460999999999,0.0,0.0,1561287766769,0,GSM,True,44592,9401,427,1,-29,4,0
808,25.306148333333333,51.51460999999999,0.0,0.0,1561287766769,1,GSM,False,44593,9401,427,1,13,4,0
809,25.306148333333333,51.51460999999999,0.0,0.0,1561287766769,2,GSM,False,45071,9401,427,1,-19,4,0
810,25.306148333333333,51.51460999999999,0.0,0.0,1561287766769,3,GSM,False,49492,9401,427,1,-39,4,0
811,25.306148333333333,51.51460999999999,0.0,0.0,1561287766769,4,GSM,False,25942,9401,427,1,-47,4,0
812,25.306148333333333,51.51460999999999,0.0,0.0,1561287766769,5,GSM,False,45074,9401,427,1,-53,4,0
813,25.306148333333333,51.51460999999999,0.0,0.0,1561287766769,6,GSM,True,19912,121,427,2,-29,4,0
814,25.306148333333333,51.51460999999999,0.0,0.0,1561287766769,7,GSM,False,19913,121,427,2,-31,4,0
815,25.306148333333333,51.51460999999999,0.0,0.0,1561287766769,8,GSM,False,11131,161,427,2,-37,4,0
816,25.306148333333333,51.51460999999999,0.0,0.0,1561287766769,9,GSM,False,19942,121,427,2,-45,4,0
817,25.306148333333333,51.51460999999999,0.0,0.0,1561287766769,10,GSM,False,10771,161,427,2,-47,4,0
818,25.306148333333333,51.51460999999999,0.0,0.0,1561287766769,11,GSM,False,11371,121,427,2,-49,4,0
819,25.306148333333333,51.51460999999999,0.0,0.0,1561287766769,12,GSM,False,10532,120,427,2,-57,4,0
820,25.306148333333333,51.51460999999999,0.0,0.0,1561287767634,1,GSM,False,26232,9401,427,1,-31,4,0
821,25.306148333333333,51.51460999999999,0.0,0.0,1561287767634,2,GSM,False,49491,9401,427,1,-31,4,0
822,25.306148333333333,51.51460999999999,0.0,0.0,1561287767634,3,GSM,False,21292,9401,427,1,-43,4,0
823,25.306148333333333,51.51460999999999,0.0,0.0,1561287767634,4,GSM,False,43962,9401,427,1,-47,4,0
824,25.306318333333333,51.51458,0.0,0.0,1561287767770,0,GSM,True,44593,9401,427,1,-53,4,0
825,25.306318333333333,51.51458,0.0,0.0,1561287767770,1,GSM,False,26232,9401,427,1,-31,4,0
826,25.306318333333333,51.51458,0.0,0.0,1561287767770,2,GSM,False,49491,9401,427,1,-31,4,0
827,25.306318333333333,51.51458,0.0,0.0,1561287767770,3,GSM,False,21292,9401,427,1,-43,4,0
828,25.306318333333333,51.51458,0.0,0.0,1561287767770,4,GSM,False,43962,9401,427,1,-47,4,0
829,25.306318333333333,51.51458,0.0,0.0,1561287767770,5,GSM,True,19912,121,427,2,-29,4,0
830,25.306318333333333,51.51458,0.0,0.0,1561287767770,6,GSM,False,19913,121,427,2,-31,4,0
831,25.306318333333333,51.51458,0.0,0.0,1561287767770,7,GSM,False,11131,161,427,2,-37,4,0
832,25.306318333333333,51.51458,0.0,0.0,1561287767770,8,GSM,False,19942,121,427,2,-45,4,0
833,25.306318333333333,51.51458,0.0,0.0,1561287767770,9,GSM,False,10771,161,427,2,-47,4,0
834,25.306318333333333,51.51458,0.0,0.0,1561287767770,10,GSM,False,11371,121,427,2,-49,4,0
835,25.306318333333333,51.51458,0.0,0.0,1561287767770,11,GSM,False,10532,120,427,2,-57,4,0
836,25.30649,51.514555,0.0,0.0,1561287768769,0,GSM,True,44593,9401,427,1,-53,4,0
837,25.30649,51.514555,0.0,0.0,1561287768769,1,GSM,False,26232,9401,427,1,-31,4,0
838,25.30649,51.514555,0.0,0.0,1561287768769,2,GSM,False,49491,9401,427,1,-31,4,0
839,25.30649,51.514555,0.0,0.0,1561287768769,3,GSM,False,21292,9401,427,1,-43,4,0
840,25.30649,51.514555,0.0,0.0,1561287768769,4,GSM,False,43962,9401,427,1,-47,4,0
841,25.30649,51.514555,0.0,0.0,1561287768769,5,GSM,True,19912,121,427,2,-29,4,0
842,25.30649,51.514555,0.0,0.0,1561287768769,6,GSM,False,19913,121,427,2,-31,4,0
843,25.30649,51.514555,0.0,0.0,1561287768769,7,GSM,False,11131,161,427,2,-37,4,0
844,25.30649,51.514555,0.0,0.0,1561287768769,8,GSM,False,19942,121,427,2,-45,4,0
845,25.30649,51.514555,0.0,0.0,1561287768769,9,GSM,False,10771,161,427,2,-47,4,0
846,25.30649,51.514555,0.0,0.0,1561287768769,10,GSM,False,11371,121,427,2,-49,4,0
847,25.30649,51.514555,0.0,0.0,1561287768769,11,GSM,False,10532,120,427,2,-57,4,0
848,25.306660000000004,51.51453,0.0,0.0,1561287769671,0,GSM,True,44593,9401,427,1,-53,4,0
849,25.306660000000004,51.51453,0.0,0.0,1561287769671,1,GSM,False,26232,9401,427,1,-31,4,0
850,25.306660000000004,51.51453,0.0,0.0,1561287769671,2,GSM,False,49491,9401,427,1,-31,4,0
851,25.306660000000004,51.51453,0.0,0.0,1561287769671,3,GSM,False,21292,9401,427,1,-43,4,0
852,25.306660000000004,51.51453,0.0,0.0,1561287769671,4,GSM,False,43962,9401,427,1,-47,4,0
853,25.306660000000004,51.51453,0.0,0.0,1561287769671,5,GSM,True,19912,121,427,2,-23,4,0
854,25.306660000000004,51.51453,0.0,0.0,1561287769671,6,GSM,False,19913,121,427,2,-31,4,0
855,25.306660000000004,51.51453,0.0,0.0,1561287769671,7,GSM,False,11131,161,427,2,-37,4,0
856,25.306660000000004,51.51453,0.0,0.0,1561287769671,8,GSM,False,19942,121,427,2,-45,4,0
857,25.306660000000004,51.51453,0.0,0.0,1561287769671,9,GSM,False,10771,161,427,2,-47,4,0
858,25.306660000000004,51.51453,0.0,0.0,1561287769671,10,GSM,False,11371,121,427,2,-49,4,0
859,25.306660000000004,51.51453,0.0,0.0,1561287769671,11,GSM,False,10532,120,427,2,-57,4,0
860,25.306825000000003,51.51450833333333,0.0,0.0,1561287770726,0,GSM,True,44593,9401,427,1,-53,4,0
861,25.306825000000003,51.51450833333333,0.0,0.0,1561287770726,1,GSM,False,26232,9401,427,1,-31,4,0
862,25.306825000000003,51.51450833333333,0.0,0.0,1561287770726,2,GSM,False,49491,9401,427,1,-31,4,0
863,25.306825000000003,51.51450833333333,0.0,0.0,1561287770726,3,GSM,False,21292,9401,427,1,-43,4,0
864,25.306825000000003,51.51450833333333,0.0,0.0,1561287770726,4,GSM,False,43962,9401,427,1,-47,4,0
865,25.306825000000003,51.51450833333333,0.0,0.0,1561287770726,5,GSM,True,19912,121,427,2,-23,4,0
866,25.306825000000003,51.51450833333333,0.0,0.0,1561287770726,6,GSM,False,19913,121,427,2,-31,4,0
867,25.306825000000003,51.51450833333333,0.0,0.0,1561287770726,7,GSM,False,11131,161,427,2,-37,4,0
868,25.306825000000003,51.51450833333333,0.0,0.0,1561287770726,8,GSM,False,19942,121,427,2,-45,4,0
869,25.306825000000003,51.51450833333333,0.0,0.0,1561287770726,9,GSM,False,10771,161,427,2,-47,4,0
870,25.306825000000003,51.51450833333333,0.0,0.0,1561287770726,10,GSM,False,11371,121,427,2,-49,4,0
871,25.306825000000003,51.51450833333333,0.0,0.0,1561287770726,11,GSM,False,10532,120,427,2,-57,4,0
872,25.30698333333333,51.51448833333334,0.0,0.0,1561287771759,0,GSM,True,44593,9401,427,1,-53,4,0
873,25.30698333333333,51.51448833333334,0.0,0.0,1561287771759,1,GSM,False,26232,9401,427,1,-31,4,0
874,25.30698333333333,51.51448833333334,0.0,0.0,1561287771759,2,GSM,False,49491,9401,427,1,-31,4,0
875,25.30698333333333,51.51448833333334,0.0,0.0,1561287771759,3,GSM,False,21292,9401,427,1,-43,4,0
876,25.30698333333333,51.51448833333334,0.0,0.0,1561287771759,4,GSM,False,43962,9401,427,1,-47,4,0
877,25.30698333333333,51.51448833333334,0.0,0.0,1561287771759,5,GSM,True,19912,121,427,2,-25,4,0
878,25.30698333333333,51.51448833333334,0.0,0.0,1561287771759,6,GSM,False,19913,121,427,2,-15,4,0
879,25.30698333333333,51.51448833333334,0.0,0.0,1561287771759,7,GSM,False,11372,121,427,2,-33,4,0
880,25.30698333333333,51.51448833333334,0.0,0.0,1561287771759,8,GSM,False,19942,121,427,2,-39,4,0
881,25.30698333333333,51.51448833333334,0.0,0.0,1561287771759,9,GSM,False,19911,121,427,2,-39,4,0
882,25.30698333333333,51.51448833333334,0.0,0.0,1561287771759,10,GSM,False,11371,121,427,2,-43,4,0
883,25.30698333333333,51.51448833333334,0.0,0.0,1561287771759,11,GSM,False,10771,161,427,2,-45,4,0
884,25.307136666666665,51.514468333333326,0.0,0.0,1561287772769,0,GSM,True,44593,9401,427,1,-53,4,0
885,25.307136666666665,51.514468333333326,0.0,0.0,1561287772769,1,GSM,False,26232,9401,427,1,-31,4,0
886,25.307136666666665,51.514468333333326,0.0,0.0,1561287772769,2,GSM,False,49491,9401,427,1,-31,4,0
887,25.307136666666665,51.514468333333326,0.0,0.0,1561287772769,3,GSM,False,21292,9401,427,1,-43,4,0
888,25.307136666666665,51.514468333333326,0.0,0.0,1561287772769,4,GSM,False,43962,9401,427,1,-47,4,0
889,25.307136666666665,51.514468333333326,0.0,0.0,1561287772769,5,GSM,True,19912,121,427,2,-25,4,0
890,25.307136666666665,51.514468333333326,0.0,0.0,1561287772769,6,GSM,False,19913,121,427,2,-15,4,0
891,25.307136666666665,51.514468333333326,0.0,0.0,1561287772769,7,GSM,False,11372,121,427,2,-33,4,0
892,25.307136666666665,51.514468333333326,0.0,0.0,1561287772769,8,GSM,False,19942,121,427,2,-39,4,0
893,25.307136666666665,51.514468333333326,0.0,0.0,1561287772769,9,GSM,False,19911,121,427,2,-39,4,0
894,25.307136666666665,51.514468333333326,0.0,0.0,1561287772769,10,GSM,False,11371,121,427,2,-43,4,0
895,25.307136666666665,51.514468333333326,0.0,0.0,1561287772769,11,GSM,False,10771,161,427,2,-45,4,0
896,25.307288333333336,51.51445166666667,0.0,0.0,1561287773775,0,GSM,True,44593,9401,427,1,-53,4,0
897,25.307288333333336,51.51445166666667,0.0,0.0,1561287773775,1,GSM,False,26232,9401,427,1,-31,4,0
898,25.307288333333336,51.51445166666667,0.0,0.0,1561287773775,2,GSM,False,49491,9401,427,1,-31,4,0
899,25.307288333333336,51.51445166666667,0.0,0.0,1561287773775,3,GSM,False,21292,9401,427,1,-43,4,0
900,25.307288333333336,51.51445166666667,0.0,0.0,1561287773775,4,GSM,False,43962,9401,427,1,-47,4,0
901,25.307288333333336,51.51445166666667,0.0,0.0,1561287773775,5,GSM,True,19912,121,427,2,-25,4,0
902,25.307288333333336,51.51445166666667,0.0,0.0,1561287773775,6,GSM,False,19913,121,427,2,-15,4,0
903,25.307288333333336,51.51445166666667,0.0,0.0,1561287773775,7,GSM,False,11372,121,427,2,-33,4,0
904,25.307288333333336,51.51445166666667,0.0,0.0,1561287773775,8,GSM,False,19942,121,427,2,-39,4,0
905,25.307288333333336,51.51445166666667,0.0,0.0,1561287773775,9,GSM,False,19911,121,427,2,-39,4,0
906,25.307288333333336,51.51445166666667,0.0,0.0,1561287773775,10,GSM,False,11371,121,427,2,-43,4,0
907,25.307288333333336,51.51445166666667,0.0,0.0,1561287773775,11,GSM,False,10771,161,427,2,-45,4,0
908,25.307438333333334,51.51444166666667,0.0,0.0,1561287774695,0,GSM,True,44593,9401,427,1,-53,4,0
909,25.307438333333334,51.51444166666667,0.0,0.0,1561287774695,1,GSM,False,26232,9401,427,1,-31,4,0
910,25.307438333333334,51.51444166666667,0.0,0.0,1561287774695,2,GSM,False,49491,9401,427,1,-31,4,0
911,25.307438333333334,51.51444166666667,0.0,0.0,1561287774695,3,GSM,False,21292,9401,427,1,-43,4,0
912,25.307438333333334,51.51444166666667,0.0,0.0,1561287774695,4,GSM,False,43962,9401,427,1,-47,4,0
913,25.307438333333334,51.51444166666667,0.0,0.0,1561287774695,5,GSM,True,19912,121,427,2,-25,4,0
914,25.307438333333334,51.51444166666667,0.0,0.0,1561287774695,6,GSM,False,19913,121,427,2,-15,4,0
915,25.307438333333334,51.51444166666667,0.0,0.0,1561287774695,7,GSM,False,11372,121,427,2,-33,4,0
916,25.307438333333334,51.51444166666667,0.0,0.0,1561287774695,8,GSM,False,19942,121,427,2,-39,4,0
917,25.307438333333334,51.51444166666667,0.0,0.0,1561287774695,9,GSM,False,19911,121,427,2,-39,4,0
918,25.307438333333334,51.51444166666667,0.0,0.0,1561287774695,10,GSM,False,11371,121,427,2,-43,4,0
919,25.307438333333334,51.51444166666667,0.0,0.0,1561287774695,11,GSM,False,10771,161,427,2,-45,4,0
920,25.307583333333334,51.51443833333333,0.0,0.0,1561287775651,0,GSM,True,44593,9401,427,1,-53,4,0
921,25.307583333333334,51.51443833333333,0.0,0.0,1561287775651,1,GSM,False,26232,9401,427,1,-31,4,0
922,25.307583333333334,51.51443833333333,0.0,0.0,1561287775651,2,GSM,False,49491,9401,427,1,-31,4,0
923,25.307583333333334,51.51443833333333,0.0,0.0,1561287775651,3,GSM,False,21292,9401,427,1,-43,4,0
924,25.307583333333334,51.51443833333333,0.0,0.0,1561287775651,4,GSM,False,43962,9401,427,1,-47,4,0
925,25.307583333333334,51.51443833333333,0.0,0.0,1561287775651,5,GSM,True,19912,121,427,2,-25,4,0
926,25.307583333333334,51.51443833333333,0.0,0.0,1561287775651,6,GSM,False,19913,121,427,2,-15,4,0
927,25.307583333333334,51.51443833333333,0.0,0.0,1561287775651,7,GSM,False,11372,121,427,2,-33,4,0
928,25.307583333333334,51.51443833333333,0.0,0.0,1561287775651,8,GSM,False,19942,121,427,2,-39,4,0
929,25.307583333333334,51.51443833333333,0.0,0.0,1561287775651,9,GSM,False,19911,121,427,2,-39,4,0
930,25.307583333333334,51.51443833333333,0.0,0.0,1561287775651,10,GSM,False,11371,121,427,2,-43,4,0
931,25.307583333333334,51.51443833333333,0.0,0.0,1561287775651,11,GSM,False,10771,161,427,2,-45,4,0
932,25.307583333333334,51.51443833333333,0.0,0.0,1561287775836,0,GSM,True,44594,9401,427,1,-11,4,0
933,25.307583333333334,51.51443833333333,0.0,0.0,1561287775836,4,GSM,False,22172,9401,427,1,-33,4,0
934,25.307583333333334,51.51443833333333,0.0,0.0,1561287775836,6,GSM,False,25942,9401,427,1,-45,4,0
935,25.307723333333332,51.51444166666667,0.0,0.0,1561287776836,0,GSM,True,44594,9401,427,1,-11,4,0
936,25.307723333333332,51.51444166666667,0.0,0.0,1561287776836,1,GSM,False,26232,9401,427,1,-9,4,0
937,25.307723333333332,51.51444166666667,0.0,0.0,1561287776836,2,GSM,False,21292,9401,427,1,-29,4,0
938,25.307723333333332,51.51444166666667,0.0,0.0,1561287776836,3,GSM,False,49491,9401,427,1,-31,4,0
939,25.307723333333332,51.51444166666667,0.0,0.0,1561287776836,4,GSM,False,22172,9401,427,1,-33,4,0
940,25.307723333333332,51.51444166666667,0.0,0.0,1561287776836,5,GSM,False,43962,9401,427,1,-37,4,0
941,25.307723333333332,51.51444166666667,0.0,0.0,1561287776836,6,GSM,False,25942,9401,427,1,-45,4,0
942,25.307723333333332,51.51444166666667,0.0,0.0,1561287776836,7,GSM,True,19912,121,427,2,-25,4,0
943,25.307723333333332,51.51444166666667,0.0,0.0,1561287776836,8,GSM,False,19913,121,427,2,-15,4,0
944,25.307723333333332,51.51444166666667,0.0,0.0,1561287776836,9,GSM,False,11372,121,427,2,-33,4,0
945,25.307723333333332,51.51444166666667,0.0,0.0,1561287776836,10,GSM,False,19942,121,427,2,-39,4,0
946,25.307723333333332,51.51444166666667,0.0,0.0,1561287776836,11,GSM,False,19911,121,427,2,-39,4,0
947,25.307723333333332,51.51444166666667,0.0,0.0,1561287776836,12,GSM,False,11371,121,427,2,-43,4,0
948,25.307723333333332,51.51444166666667,0.0,0.0,1561287776836,13,GSM,False,10771,161,427,2,-45,4,0
949,25.307856666666662,51.51444833333333,0.0,0.0,1561287777888,0,GSM,True,44594,9401,427,1,-11,4,0
950,25.307856666666662,51.51444833333333,0.0,0.0,1561287777888,1,GSM,False,26232,9401,427,1,-9,4,0
951,25.307856666666662,51.51444833333333,0.0,0.0,1561287777888,2,GSM,False,21292,9401,427,1,-29,4,0
952,25.307856666666662,51.51444833333333,0.0,0.0,1561287777888,3,GSM,False,49491,9401,427,1,-31,4,0
953,25.307856666666662,51.51444833333333,0.0,0.0,1561287777888,4,GSM,False,22172,9401,427,1,-33,4,0
954,25.307856666666662,51.51444833333333,0.0,0.0,1561287777888,5,GSM,False,43962,9401,427,1,-37,4,0
955,25.307856666666662,51.51444833333333,0.0,0.0,1561287777888,6,GSM,False,25942,9401,427,1,-45,4,0
956,25.307856666666662,51.51444833333333,0.0,0.0,1561287777888,7,GSM,True,19912,121,427,2,-25,4,0
957,25.307856666666662,51.51444833333333,0.0,0.0,1561287777888,8,GSM,False,19913,121,427,2,-15,4,0
958,25.307856666666662,51.51444833333333,0.0,0.0,1561287777888,9,GSM,False,11372,121,427,2,-33,4,0
959,25.307856666666662,51.51444833333333,0.0,0.0,1561287777888,10,GSM,False,19942,121,427,2,-39,4,0
960,25.307856666666662,51.51444833333333,0.0,0.0,1561287777888,11,GSM,False,19911,121,427,2,-39,4,0
961,25.307856666666662,51.51444833333333,0.0,0.0,1561287777888,12,GSM,False,11371,121,427,2,-43,4,0
962,25.307856666666662,51.51444833333333,0.0,0.0,1561287777888,13,GSM,False,10771,161,427,2,-45,4,0
963,25.307985,51.51445666666667,0.0,0.0,1561287778666,0,GSM,True,44594,9401,427,1,-11,4,0
964,25.307985,51.51445666666667,0.0,0.0,1561287778666,1,GSM,False,26232,9401,427,1,-9,4,0
965,25.307985,51.51445666666667,0.0,0.0,1561287778666,2,GSM,False,21292,9401,427,1,-29,4,0
966,25.307985,51.51445666666667,0.0,0.0,1561287778666,3,GSM,False,49491,9401,427,1,-31,4,0
967,25.307985,51.51445666666667,0.0,0.0,1561287778666,4,GSM,False,22172,9401,427,1,-33,4,0
968,25.307985,51.51445666666667,0.0,0.0,1561287778666,5,GSM,False,43962,9401,427,1,-37,4,0
969,25.307985,51.51445666666667,0.0,0.0,1561287778666,6,GSM,False,25942,9401,427,1,-45,4,0
970,25.307985,51.51445666666667,0.0,0.0,1561287778666,7,GSM,True,19912,121,427,2,-25,4,0
971,25.307985,51.51445666666667,0.0,0.0,1561287778666,8,GSM,False,19913,121,427,2,-15,4,0
972,25.307985,51.51445666666667,0.0,0.0,1561287778666,9,GSM,False,11372,121,427,2,-33,4,0
973,25.307985,51.51445666666667,0.0,0.0,1561287778666,10,GSM,False,19942,121,427,2,-39,4,0
974,25.307985,51.51445666666667,0.0,0.0,1561287778666,11,GSM,False,19911,121,427,2,-39,4,0
975,25.307985,51.51445666666667,0.0,0.0,1561287778666,12,GSM,False,11371,121,427,2,-43,4,0
976,25.307985,51.51445666666667,0.0,0.0,1561287778666,13,GSM,False,10771,161,427,2,-45,4,0
977,25.308106666666664,51.514465,0.0,0.0,1561287779732,0,GSM,True,44594,9401,427,1,-11,4,0
978,25.308106666666664,51.514465,0.0,0.0,1561287779732,1,GSM,False,26232,9401,427,1,-9,4,0
979,25.308106666666664,51.514465,0.0,0.0,1561287779732,2,GSM,False,21292,9401,427,1,-29,4,0
980,25.308106666666664,51.514465,0.0,0.0,1561287779732,3,GSM,False,49491,9401,427,1,-31,4,0
981,25.308106666666664,51.514465,0.0,0.0,1561287779732,4,GSM,False,22172,9401,427,1,-33,4,0
982,25.308106666666664,51.514465,0.0,0.0,1561287779732,5,GSM,False,43962,9401,427,1,-37,4,0
983,25.308106666666664,51.514465,0.0,0.0,1561287779732,6,GSM,False,25942,9401,427,1,-45,4,0
984,25.308106666666664,51.514465,0.0,0.0,1561287779732,7,GSM,True,19912,121,427,2,-25,4,0
985,25.308106666666664,51.514465,0.0,0.0,1561287779732,8,GSM,False,19913,121,427,2,-15,4,0
986,25.308106666666664,51.514465,0.0,0.0,1561287779732,9,GSM,False,11372,121,427,2,-33,4,0
987,25.308106666666664,51.514465,0.0,0.0,1561287779732,10,GSM,False,19942,121,427,2,-39,4,0
988,25.308106666666664,51.514465,0.0,0.0,1561287779732,11,GSM,False,19911,121,427,2,-39,4,0
989,25.308106666666664,51.514465,0.0,0.0,1561287779732,12,GSM,False,11371,121,427,2,-43,4,0
990,25.308106666666664,51.514465,0.0,0.0,1561287779732,13,GSM,False,10771,161,427,2,-45,4,0
991,25.30822,51.51447833333334,0.0,0.0,1561287780723,0,GSM,True,44594,9401,427,1,-11,4,0
992,25.30822,51.51447833333334,0.0,0.0,1561287780723,1,GSM,False,26232,9401,427,1,-9,4,0
993,25.30822,51.51447833333334,0.0,0.0,1561287780723,2,GSM,False,21292,9401,427,1,-29,4,0
994,25.30822,51.51447833333334,0.0,0.0,1561287780723,3,GSM,False,49491,9401,427,1,-31,4,0
995,25.30822,51.51447833333334,0.0,0.0,1561287780723,4,GSM,False,22172,9401,427,1,-33,4,0
996,25.30822,51.51447833333334,0.0,0.0,1561287780723,5,GSM,False,43962,9401,427,1,-37,4,0
997,25.30822,51.51447833333334,0.0,0.0,1561287780723,6,GSM,False,25942,9401,427,1,-45,4,0
998,25.30822,51.51447833333334,0.0,0.0,1561287780723,7,GSM,True,19912,121,427,2,-25,4,0
999,25.30822,51.51447833333334,0.0,0.0,1561287780723,8,GSM,False,19913,121,427,2,-15,4,0
1000,25.30822,51.51447833333334,0.0,0.0,1561287780723,9,GSM,False,11372,121,427,2,-33,4,0
1001,25.30822,51.51447833333334,0.0,0.0,1561287780723,10,GSM,False,19942,121,427,2,-39,4,0
1002,25.30822,51.51447833333334,0.0,0.0,1561287780723,11,GSM,False,19911,121,427,2,-39,4,0
1003,25.30822,51.51447833333334,0.0,0.0,1561287780723,12,GSM,False,11371,121,427,2,-43,4,0
1004,25.30822,51.51447833333334,0.0,0.0,1561287780723,13,GSM,False,10771,161,427,2,-45,4,0
1005,25.30832666666667,51.51449666666667,0.0,0.0,1561287781759,0,GSM,True,44594,9401,427,1,-11,4,0
1006,25.30832666666667,51.51449666666667,0.0,0.0,1561287781759,1,GSM,False,26232,9401,427,1,-9,4,0
1007,25.30832666666667,51.51449666666667,0.0,0.0,1561287781759,2,GSM,False,21292,9401,427,1,-29,4,0
1008,25.30832666666667,51.51449666666667,0.0,0.0,1561287781759,3,GSM,False,49491,9401,427,1,-31,4,0
1009,25.30832666666667,51.51449666666667,0.0,0.0,1561287781759,4,GSM,False,22172,9401,427,1,-33,4,0
1010,25.30832666666667,51.51449666666667,0.0,0.0,1561287781759,5,GSM,False,43962,9401,427,1,-37,4,0
1011,25.30832666666667,51.51449666666667,0.0,0.0,1561287781759,6,GSM,False,25942,9401,427,1,-45,4,0
1012,25.30832666666667,51.51449666666667,0.0,0.0,1561287781759,7,GSM,True,19912,121,427,2,-25,4,0
1013,25.30832666666667,51.51449666666667,0.0,0.0,1561287781759,8,GSM,False,19913,121,427,2,-15,4,0
1014,25.30832666666667,51.51449666666667,0.0,0.0,1561287781759,9,GSM,False,11372,121,427,2,-33,4,0
1015,25.30832666666667,51.51449666666667,0.0,0.0,1561287781759,10,GSM,False,19942,121,427,2,-39,4,0
1016,25.30832666666667,51.51449666666667,0.0,0.0,1561287781759,11,GSM,False,19911,121,427,2,-39,4,0
1017,25.30832666666667,51.51449666666667,0.0,0.0,1561287781759,12,GSM,False,11371,121,427,2,-43,4,0
1018,25.30832666666667,51.51449666666667,0.0,0.0,1561287781759,13,GSM,False,10771,161,427,2,-45,4,0
1019,25.30832666666667,51.51449666666667,0.0,0.0,1561287782071,5,GSM,False,49493,9401,427,1,-39,4,0
1020,25.30832666666667,51.51449666666667,0.0,0.0,1561287782071,12,GSM,False,10532,120,427,2,-39,4,0
1021,25.308425000000003,51.514513333333326,0.0,0.0,1561287782802,0,GSM,True,44594,9401,427,1,-23,4,0
1022,25.308425000000003,51.514513333333326,0.0,0.0,1561287782802,1,GSM,False,26232,9401,427,1,-9,4,0
1023,25.308425000000003,51.514513333333326,0.0,0.0,1561287782802,2,GSM,False,21292,9401,427,1,-37,4,0
1024,25.308425000000003,51.514513333333326,0.0,0.0,1561287782802,3,GSM,False,43962,9401,427,1,-37,4,0
1025,25.308425000000003,51.514513333333326,0.0,0.0,1561287782802,4,GSM,False,22172,9401,427,1,-39,4,0
1026,25.308425000000003,51.514513333333326,0.0,0.0,1561287782802,5,GSM,False,49493,9401,427,1,-39,4,0
1027,25.308425000000003,51.514513333333326,0.0,0.0,1561287782802,6,GSM,False,49491,9401,427,1,-41,4,0
1028,25.308425000000003,51.514513333333326,0.0,0.0,1561287782802,7,GSM,True,19913,121,427,2,-11,4,0
1029,25.308425000000003,51.514513333333326,0.0,0.0,1561287782802,8,GSM,False,19942,121,427,2,-23,4,0
1030,25.308425000000003,51.514513333333326,0.0,0.0,1561287782802,9,GSM,False,19911,121,427,2,-33,4,0
1031,25.308425000000003,51.514513333333326,0.0,0.0,1561287782802,10,GSM,False,11371,121,427,2,-33,4,0
1032,25.308425000000003,51.514513333333326,0.0,0.0,1561287782802,11,GSM,False,11372,121,427,2,-37,4,0
1033,25.308425000000003,51.514513333333326,0.0,0.0,1561287782802,12,GSM,False,10532,120,427,2,-39,4,0
1034,25.308425000000003,51.514513333333326,0.0,0.0,1561287782802,13,GSM,False,10771,161,427,2,-49,4,0
1035,25.308511666666664,51.51453,0.0,0.0,1561287783663,0,GSM,True,44594,9401,427,1,-23,4,0
1036,25.308511666666664,51.51453,0.0,0.0,1561287783663,1,GSM,False,26232,9401,427,1,-9,4,0
1037,25.308511666666664,51.51453,0.0,0.0,1561287783663,2,GSM,False,21292,9401,427,1,-37,4,0
1038,25.308511666666664,51.51453,0.0,0.0,1561287783663,3,GSM,False,43962,9401,427,1,-37,4,0
1039,25.308511666666664,51.51453,0.0,0.0,1561287783663,4,GSM,False,22172,9401,427,1,-39,4,0
1040,25.308511666666664,51.51453,0.0,0.0,1561287783663,5,GSM,False,49493,9401,427,1,-39,4,0
1041,25.308511666666664,51.51453,0.0,0.0,1561287783663,6,GSM,False,49491,9401,427,1,-41,4,0
1042,25.308511666666664,51.51453,0.0,0.0,1561287783663,7,GSM,True,19913,121,427,2,-11,4,0
1043,25.308511666666664,51.51453,0.0,0.0,1561287783663,8,GSM,False,19942,121,427,2,-23,4,0
1044,25.308511666666664,51.51453,0.0,0.0,1561287783663,9,GSM,False,19911,121,427,2,-33,4,0
1045,25.308511666666664,51.51453,0.0,0.0,1561287783663,10,GSM,False,11371,121,427,2,-33,4,0
1046,25.308511666666664,51.51453,0.0,0.0,1561287783663,11,GSM,False,11372,121,427,2,-37,4,0
1047,25.308511666666664,51.51453,0.0,0.0,1561287783663,12,GSM,False,10532,120,427,2,-39,4,0
1048,25.308511666666664,51.51453,0.0,0.0,1561287783663,13,GSM,False,10771,161,427,2,-49,4,0
1049,25.308588333333333,51.51454666666667,0.0,0.0,1561287784727,0,GSM,True,44594,9401,427,1,-23,4,0
1050,25.308588333333333,51.51454666666667,0.0,0.0,1561287784727,1,GSM,False,26232,9401,427,1,-9,4,0
1051,25.308588333333333,51.51454666666667,0.0,0.0,1561287784727,2,GSM,False,21292,9401,427,1,-37,4,0
1052,25.308588333333333,51.51454666666667,0.0,0.0,1561287784727,3,GSM,False,43962,9401,427,1,-37,4,0
1053,25.308588333333333,51.51454666666667,0.0,0.0,1561287784727,4,GSM,False,22172,9401,427,1,-39,4,0
1054,25.308588333333333,51.51454666666667,0.0,0.0,1561287784727,5,GSM,False,49493,9401,427,1,-39,4,0
1055,25.308588333333333,51.51454666666667,0.0,0.0,1561287784727,6,GSM,False,49491,9401,427,1,-41,4,0
1056,25.308588333333333,51.51454666666667,0.0,0.0,1561287784727,7,GSM,True,19913,121,427,2,-11,4,0
1057,25.308588333333333,51.51454666666667,0.0,0.0,1561287784727,8,GSM,False,19942,121,427,2,-23,4,0
1058,25.308588333333333,51.51454666666667,0.0,0.0,1561287784727,9,GSM,False,19911,121,427,2,-33,4,0
1059,25.308588333333333,51.51454666666667,0.0,0.0,1561287784727,10,GSM,False,11371,121,427,2,-33,4,0
1060,25.308588333333333,51.51454666666667,0.0,0.0,1561287784727,11,GSM,False,11372,121,427,2,-37,4,0
1061,25.308588333333333,51.51454666666667,0.0,0.0,1561287784727,12,GSM,False,10532,120,427,2,-39,4,0
1062,25.308588333333333,51.51454666666667,0.0,0.0,1561287784727,13,GSM,False,10771,161,427,2,-49,4,0
1063,25.30865833333333,51.514561666666665,0.0,0.0,1561287785674,0,GSM,True,44594,9401,427,1,-23,4,0
1064,25.30865833333333,51.514561666666665,0.0,0.0,1561287785674,1,GSM,False,26232,9401,427,1,-9,4,0
1065,25.30865833333333,51.514561666666665,0.0,0.0,1561287785674,2,GSM,False,21292,9401,427,1,-37,4,0
1066,25.30865833333333,51.514561666666665,0.0,0.0,1561287785674,3,GSM,False,43962,9401,427,1,-37,4,0
1067,25.30865833333333,51.514561666666665,0.0,0.0,1561287785674,4,GSM,False,22172,9401,427,1,-39,4,0
1068,25.30865833333333,51.514561666666665,0.0,0.0,1561287785674,5,GSM,False,49493,9401,427,1,-39,4,0
1069,25.30865833333333,51.514561666666665,0.0,0.0,1561287785674,6,GSM,False,49491,9401,427,1,-41,4,0
1070,25.30865833333333,51.514561666666665,0.0,0.0,1561287785674,7,GSM,True,19913,121,427,2,-11,4,0
1071,25.30865833333333,51.514561666666665,0.0,0.0,1561287785674,8,GSM,False,19942,121,427,2,-23,4,0
1072,25.30865833333333,51.514561666666665,0.0,0.0,1561287785674,9,GSM,False,19911,121,427,2,-33,4,0
1073,25.30865833333333,51.514561666666665,0.0,0.0,1561287785674,10,GSM,False,11371,121,427,2,-33,4,0
1074,25.30865833333333,51.514561666666665,0.0,0.0,1561287785674,11,GSM,False,11372,121,427,2,-37,4,0
1075,25.30865833333333,51.514561666666665,0.0,0.0,1561287785674,12,GSM,False,10532,120,427,2,-39,4,0
1076,25.30865833333333,51.514561666666665,0.0,0.0,1561287785674,13,GSM,False,10771,161,427,2,-49,4,0
1077,25.30865833333333,51.514561666666665,0.0,0.0,1561287786095,8,GSM,False,11382,121,427,2,-15,4,0
1078,25.30871666666667,51.51457666666667,0.0,0.0,1561287786709,0,GSM,True,44594,9401,427,1,-23,4,0
1079,25.30871666666667,51.51457666666667,0.0,0.0,1561287786709,1,GSM,False,26232,9401,427,1,-9,4,0
1080,25.30871666666667,51.51457666666667,0.0,0.0,1561287786709,2,GSM,False,21292,9401,427,1,-37,4,0
1081,25.30871666666667,51.51457666666667,0.0,0.0,1561287786709,3,GSM,False,43962,9401,427,1,-37,4,0
1082,25.30871666666667,51.51457666666667,0.0,0.0,1561287786709,4,GSM,False,22172,9401,427,1,-39,4,0
1083,25.30871666666667,51.51457666666667,0.0,0.0,1561287786709,5,GSM,False,49493,9401,427,1,-39,4,0
1084,25.30871666666667,51.51457666666667,0.0,0.0,1561287786709,6,GSM,False,49491,9401,427,1,-41,4,0
1085,25.30871666666667,51.51457666666667,0.0,0.0,1561287786709,7,GSM,True,19913,121,427,2,-11,4,0
1086,25.30871666666667,51.51457666666667,0.0,0.0,1561287786709,8,GSM,False,11382,121,427,2,-15,4,0
1087,25.30871666666667,51.51457666666667,0.0,0.0,1561287786709,9,GSM,False,19942,121,427,2,-23,4,0
1088,25.30871666666667,51.51457666666667,0.0,0.0,1561287786709,10,GSM,False,19911,121,427,2,-33,4,0
1089,25.30871666666667,51.51457666666667,0.0,0.0,1561287786709,11,GSM,False,11371,121,427,2,-33,4,0
1090,25.30871666666667,51.51457666666667,0.0,0.0,1561287786709,12,GSM,False,11372,121,427,2,-37,4,0
1091,25.30871666666667,51.51457666666667,0.0,0.0,1561287786709,13,GSM,False,10532,120,427,2,-39,4,0
1092,25.308768333333333,51.51459166666667,0.0,0.0,1561287787760,0,GSM,True,44594,9401,427,1,-23,4,0
1093,25.308768333333333,51.51459166666667,0.0,0.0,1561287787760,1,GSM,False,26232,9401,427,1,-9,4,0
1094,25.308768333333333,51.51459166666667,0.0,0.0,1561287787760,2,GSM,False,21292,9401,427,1,-37,4,0
1095,25.308768333333333,51.51459166666667,0.0,0.0,1561287787760,3,GSM,False,43962,9401,427,1,-37,4,0
1096,25.308768333333333,51.51459166666667,0.0,0.0,1561287787760,4,GSM,False,22172,9401,427,1,-39,4,0
1097,25.308768333333333,51.51459166666667,0.0,0.0,1561287787760,5,GSM,False,49493,9401,427,1,-39,4,0
1098,25.308768333333333,51.51459166666667,0.0,0.0,1561287787760,6,GSM,False,49491,9401,427,1,-41,4,0
1099,25.308768333333333,51.51459166666667,0.0,0.0,1561287787760,7,GSM,True,19913,121,427,2,-11,4,0
1100,25.308768333333333,51.51459166666667,0.0,0.0,1561287787760,8,GSM,False,11382,121,427,2,-15,4,0
1101,25.308768333333333,51.51459166666667,0.0,0.0,1561287787760,9,GSM,False,19942,121,427,2,-23,4,0
1102,25.308768333333333,51.51459166666667,0.0,0.0,1561287787760,10,GSM,False,19911,121,427,2,-33,4,0
1103,25.308768333333333,51.51459166666667,0.0,0.0,1561287787760,11,GSM,False,11371,121,427,2,-33,4,0
1104,25.308768333333333,51.51459166666667,0.0,0.0,1561287787760,12,GSM,False,11372,121,427,2,-37,4,0
1105,25.308768333333333,51.51459166666667,0.0,0.0,1561287787760,13,GSM,False,10532,120,427,2,-39,4,0
1106,25.308813333333333,51.51460166666667,0.0,0.0,1561287788797,0,GSM,True,44594,9401,427,1,-23,4,0
1107,25.308813333333333,51.51460166666667,0.0,0.0,1561287788797,1,GSM,False,26232,9401,427,1,-9,4,0
1108,25.308813333333333,51.51460166666667,0.0,0.0,1561287788797,2,GSM,False,21292,9401,427,1,-37,4,0
1109,25.308813333333333,51.51460166666667,0.0,0.0,1561287788797,3,GSM,False,43962,9401,427,1,-37,4,0
1110,25.308813333333333,51.51460166666667,0.0,0.0,1561287788797,4,GSM,False,22172,9401,427,1,-39,4,0
1111,25.308813333333333,51.51460166666667,0.0,0.0,1561287788797,5,GSM,False,49493,9401,427,1,-39,4,0
1112,25.308813333333333,51.51460166666667,0.0,0.0,1561287788797,6,GSM,False,49491,9401,427,1,-41,4,0
1113,25.308813333333333,51.51460166666667,0.0,0.0,1561287788797,7,GSM,True,19913,121,427,2,-11,4,0
1114,25.308813333333333,51.51460166666667,0.0,0.0,1561287788797,8,GSM,False,11382,121,427,2,-15,4,0
1115,25.308813333333333,51.51460166666667,0.0,0.0,1561287788797,9,GSM,False,19942,121,427,2,-23,4,0
1116,25.308813333333333,51.51460166666667,0.0,0.0,1561287788797,10,GSM,False,19911,121,427,2,-33,4,0
1117,25.308813333333333,51.51460166666667,0.0,0.0,1561287788797,11,GSM,False,11371,121,427,2,-33,4,0
1118,25.308813333333333,51.51460166666667,0.0,0.0,1561287788797,12,GSM,False,11372,121,427,2,-37,4,0
1119,25.308813333333333,51.51460166666667,0.0,0.0,1561287788797,13,GSM,False,10532,120,427,2,-39,4,0
1120,25.30885,51.51461333333334,0.0,0.0,1561287789693,0,GSM,True,44594,9401,427,1,-23,4,0
1121,25.30885,51.51461333333334,0.0,0.0,1561287789693,1,GSM,False,26232,9401,427,1,-9,4,0
1122,25.30885,51.51461333333334,0.0,0.0,1561287789693,2,GSM,False,21292,9401,427,1,-37,4,0
1123,25.30885,51.51461333333334,0.0,0.0,1561287789693,3,GSM,False,43962,9401,427,1,-37,4,0
1124,25.30885,51.51461333333334,0.0,0.0,1561287789693,4,GSM,False,22172,9401,427,1,-39,4,0
1125,25.30885,51.51461333333334,0.0,0.0,1561287789693,5,GSM,False,49493,9401,427,1,-39,4,0
1126,25.30885,51.51461333333334,0.0,0.0,1561287789693,6,GSM,False,49491,9401,427,1,-41,4,0
1127,25.30885,51.51461333333334,0.0,0.0,1561287789693,7,GSM,True,19913,121,427,2,-11,4,0
1128,25.30885,51.51461333333334,0.0,0.0,1561287789693,8,GSM,False,11382,121,427,2,-15,4,0
1129,25.30885,51.51461333333334,0.0,0.0,1561287789693,9,GSM,False,19942,121,427,2,-23,4,0
1130,25.30885,51.51461333333334,0.0,0.0,1561287789693,10,GSM,False,19911,121,427,2,-33,4,0
1131,25.30885,51.51461333333334,0.0,0.0,1561287789693,11,GSM,False,11371,121,427,2,-33,4,0
1132,25.30885,51.51461333333334,0.0,0.0,1561287789693,12,GSM,False,11372,121,427,2,-37,4,0
1133,25.30885,51.51461333333334,0.0,0.0,1561287789693,13,GSM,False,10532,120,427,2,-39,4,0
1134,25.30885,51.51461333333334,0.0,0.0,1561287790269,11,GSM,False,11383,121,427,2,-31,4,0
1135,25.308876666666663,51.51462166666667,0.0,0.0,1561287790758,0,GSM,True,44594,9401,427,1,-23,4,0
1136,25.308876666666663,51.51462166666667,0.0,0.0,1561287790758,1,GSM,False,26232,9401,427,1,-9,4,0
1137,25.308876666666663,51.51462166666667,0.0,0.0,1561287790758,2,GSM,False,21292,9401,427,1,-37,4,0
1138,25.308876666666663,51.51462166666667,0.0,0.0,1561287790758,3,GSM,False,43962,9401,427,1,-37,4,0
1139,25.308876666666663,51.51462166666667,0.0,0.0,1561287790758,4,GSM,False,22172,9401,427,1,-39,4,0
1140,25.308876666666663,51.51462166666667,0.0,0.0,1561287790758,5,GSM,False,49493,9401,427,1,-39,4,0
1141,25.308876666666663,51.51462166666667,0.0,0.0,1561287790758,6,GSM,False,49491,9401,427,1,-41,4,0
1142,25.308876666666663,51.51462166666667,0.0,0.0,1561287790758,7,GSM,True,19913,121,427,2,-17,4,0
1143,25.308876666666663,51.51462166666667,0.0,0.0,1561287790758,8,GSM,False,11382,121,427,2,-11,4,0
1144,25.308876666666663,51.51462166666667,0.0,0.0,1561287790758,9,GSM,False,19942,121,427,2,-21,4,0
1145,25.308876666666663,51.51462166666667,0.0,0.0,1561287790758,10,GSM,False,11371,121,427,2,-25,4,0
1146,25.308876666666663,51.51462166666667,0.0,0.0,1561287790758,11,GSM,False,11383,121,427,2,-31,4,0
1147,25.308876666666663,51.51462166666667,0.0,0.0,1561287790758,12,GSM,False,19911,121,427,2,-33,4,0
1148,25.308876666666663,51.51462166666667,0.0,0.0,1561287790758,13,GSM,False,11372,121,427,2,-35,4,0
1149,25.3089,51.514626666666665,0.0,0.0,1561287791968,0,GSM,True,44594,9401,427,1,-23,4,0
1150,25.3089,51.514626666666665,0.0,0.0,1561287791968,1,GSM,False,26232,9401,427,1,-9,4,0
1151,25.3089,51.514626666666665,0.0,0.0,1561287791968,2,GSM,False,21292,9401,427,1,-37,4,0
1152,25.3089,51.514626666666665,0.0,0.0,1561287791968,3,GSM,False,43962,9401,427,1,-37,4,0
1153,25.3089,51.514626666666665,0.0,0.0,1561287791968,4,GSM,False,22172,9401,427,1,-39,4,0
1154,25.3089,51.514626666666665,0.0,0.0,1561287791968,5,GSM,False,49493,9401,427,1,-39,4,0
1155,25.3089,51.514626666666665,0.0,0.0,1561287791968,6,GSM,False,49491,9401,427,1,-41,4,0
1156,25.3089,51.514626666666665,0.0,0.0,1561287791968,7,GSM,True,19913,121,427,2,-17,4,0
1157,25.3089,51.514626666666665,0.0,0.0,1561287791968,8,GSM,False,11382,121,427,2,-11,4,0
1158,25.3089,51.514626666666665,0.0,0.0,1561287791968,9,GSM,False,19942,121,427,2,-21,4,0
1159,25.3089,51.514626666666665,0.0,0.0,1561287791968,10,GSM,False,11371,121,427,2,-25,4,0
1160,25.3089,51.514626666666665,0.0,0.0,1561287791968,11,GSM,False,11383,121,427,2,-31,4,0
1161,25.3089,51.514626666666665,0.0,0.0,1561287791968,12,GSM,False,19911,121,427,2,-33,4,0
1162,25.3089,51.514626666666665,0.0,0.0,1561287791968,13,GSM,False,11372,121,427,2,-35,4,0
1163,25.3089,51.514626666666665,0.0,0.0,1561287792286,2,GSM,False,43961,9401,427,1,-29,4,0
1164,25.3089,51.514626666666665,0.0,0.0,1561287792286,6,GSM,False,45071,9401,427,1,-63,4,0
1165,25.30891833333333,51.51463166666667,0.0,0.0,1561287792933,0,GSM,True,26232,9401,427,1,-31,4,0
1166,25.30891833333333,51.51463166666667,0.0,0.0,1561287792933,1,GSM,False,21292,9401,427,1,-21,4,0
1167,25.30891833333333,51.51463166666667,0.0,0.0,1561287792933,2,GSM,False,43961,9401,427,1,-29,4,0
1168,25.30891833333333,51.51463166666667,0.0,0.0,1561287792933,3,GSM,False,22172,9401,427,1,-39,4,0
1169,25.30891833333333,51.51463166666667,0.0,0.0,1561287792933,4,GSM,False,43962,9401,427,1,-45,4,0
1170,25.30891833333333,51.51463166666667,0.0,0.0,1561287792933,5,GSM,False,49491,9401,427,1,-53,4,0
1171,25.30891833333333,51.51463166666667,0.0,0.0,1561287792933,6,GSM,False,45071,9401,427,1,-63,4,0
1172,25.30891833333333,51.51463166666667,0.0,0.0,1561287792933,7,GSM,True,19913,121,427,2,-17,4,0
1173,25.30891833333333,51.51463166666667,0.0,0.0,1561287792933,8,GSM,False,11382,121,427,2,-11,4,0
1174,25.30891833333333,51.51463166666667,0.0,0.0,1561287792933,9,GSM,False,19942,121,427,2,-21,4,0
1175,25.30891833333333,51.51463166666667,0.0,0.0,1561287792933,10,GSM,False,11371,121,427,2,-25,4,0
1176,25.30891833333333,51.51463166666667,0.0,0.0,1561287792933,11,GSM,False,11383,121,427,2,-31,4,0
1177,25.30891833333333,51.51463166666667,0.0,0.0,1561287792933,12,GSM,False,19911,121,427,2,-33,4,0
1178,25.30891833333333,51.51463166666667,0.0,0.0,1561287792933,13,GSM,False,11372,121,427,2,-35,4,0
1179,25.30892833333333,51.51463333333333,0.0,0.0,1561287793755,0,GSM,True,26232,9401,427,1,-31,4,0
1180,25.30892833333333,51.51463333333333,0.0,0.0,1561287793755,1,GSM,False,21292,9401,427,1,-21,4,0
1181,25.30892833333333,51.51463333333333,0.0,0.0,1561287793755,2,GSM,False,43961,9401,427,1,-29,4,0
1182,25.30892833333333,51.51463333333333,0.0,0.0,1561287793755,3,GSM,False,22172,9401,427,1,-39,4,0
1183,25.30892833333333,51.51463333333333,0.0,0.0,1561287793755,4,GSM,False,43962,9401,427,1,-45,4,0
1184,25.30892833333333,51.51463333333333,0.0,0.0,1561287793755,5,GSM,False,49491,9401,427,1,-53,4,0
1185,25.30892833333333,51.51463333333333,0.0,0.0,1561287793755,6,GSM,False,45071,9401,427,1,-63,4,0
1186,25.30892833333333,51.51463333333333,0.0,0.0,1561287793755,7,GSM,True,19913,121,427,2,-17,4,0
1187,25.30892833333333,51.51463333333333,0.0,0.0,1561287793755,8,GSM,False,11382,121,427,2,-11,4,0
1188,25.30892833333333,51.51463333333333,0.0,0.0,1561287793755,9,GSM,False,19942,121,427,2,-21,4,0
1189,25.30892833333333,51.51463333333333,0.0,0.0,1561287793755,10,GSM,False,11371,121,427,2,-25,4,0
1190,25.30892833333333,51.51463333333333,0.0,0.0,1561287793755,11,GSM,False,11383,121,427,2,-31,4,0
1191,25.30892833333333,51.51463333333333,0.0,0.0,1561287793755,12,GSM,False,19911,121,427,2,-33,4,0
1192,25.30892833333333,51.51463333333333,0.0,0.0,1561287793755,13,GSM,False,11372,121,427,2,-35,4,0
1193,25.308935,51.51463333333333,0.0,0.0,1561287794681,0,GSM,True,26232,9401,427,1,-31,4,0
1194,25.308935,51.51463333333333,0.0,0.0,1561287794681,1,GSM,False,21292,9401,427,1,-21,4,0
1195,25.308935,51.51463333333333,0.0,0.0,1561287794681,2,GSM,False,43961,9401,427,1,-29,4,0
1196,25.308935,51.51463333333333,0.0,0.0,1561287794681,3,GSM,False,22172,9401,427,1,-39,4,0
1197,25.308935,51.51463333333333,0.0,0.0,1561287794681,4,GSM,False,43962,9401,427,1,-45,4,0
1198,25.308935,51.51463333333333,0.0,0.0,1561287794681,5,GSM,False,49491,9401,427,1,-53,4,0
1199,25.308935,51.51463333333333,0.0,0.0,1561287794681,6,GSM,False,45071,9401,427,1,-63,4,0
1200,25.308935,51.51463333333333,0.0,0.0,1561287794681,7,GSM,True,19913,121,427,2,-17,4,0
1201,25.308935,51.51463333333333,0.0,0.0,1561287794681,8,GSM,False,11382,121,427,2,-11,4,0
1202,25.308935,51.51463333333333,0.0,0.0,1561287794681,9,GSM,False,19942,121,427,2,-21,4,0
1203,25.308935,51.51463333333333,0.0,0.0,1561287794681,10,GSM,False,11371,121,427,2,-25,4,0
1204,25.308935,51.51463333333333,0.0,0.0,1561287794681,11,GSM,False,11383,121,427,2,-31,4,0
1205,25.308935,51.51463333333333,0.0,0.0,1561287794681,12,GSM,False,19911,121,427,2,-33,4,0
1206,25.308935,51.51463333333333,0.0,0.0,1561287794681,13,GSM,False,11372,121,427,2,-35,4,0
1207,25.308936666666668,51.51463166666667,0.0,0.0,1561287795750,0,GSM,True,26232,9401,427,1,-31,4,0
1208,25.308936666666668,51.51463166666667,0.0,0.0,1561287795750,1,GSM,False,21292,9401,427,1,-21,4,0
1209,25.308936666666668,51.51463166666667,0.0,0.0,1561287795750,2,GSM,False,43961,9401,427,1,-29,4,0
1210,25.308936666666668,51.51463166666667,0.0,0.0,1561287795750,3,GSM,False,22172,9401,427,1,-39,4,0
1211,25.308936666666668,51.51463166666667,0.0,0.0,1561287795750,4,GSM,False,43962,9401,427,1,-45,4,0
1212,25.308936666666668,51.51463166666667,0.0,0.0,1561287795750,5,GSM,False,49491,9401,427,1,-53,4,0
1213,25.308936666666668,51.51463166666667,0.0,0.0,1561287795750,6,GSM,False,45071,9401,427,1,-63,4,0
1214,25.308936666666668,51.51463166666667,0.0,0.0,1561287795750,7,GSM,True,19913,121,427,2,-17,4,0
1215,25.308936666666668,51.51463166666667,0.0,0.0,1561287795750,8,GSM,False,11382,121,427,2,-11,4,0
1216,25.308936666666668,51.51463166666667,0.0,0.0,1561287795750,9,GSM,False,19942,121,427,2,-21,4,0
1217,25.308936666666668,51.51463166666667,0.0,0.0,1561287795750,10,GSM,False,11371,121,427,2,-25,4,0
1218,25.308936666666668,51.51463166666667,0.0,0.0,1561287795750,11,GSM,False,11383,121,427,2,-31,4,0
1219,25.308936666666668,51.51463166666667,0.0,0.0,1561287795750,12,GSM,False,19911,121,427,2,-33,4,0
1220,25.308936666666668,51.51463166666667,0.0,0.0,1561287795750,13,GSM,False,11372,121,427,2,-35,4,0
1221,25.308938333333337,51.51463,0.0,0.0,1561287796791,0,GSM,True,26232,9401,427,1,-31,4,0
1222,25.308938333333337,51.51463,0.0,0.0,1561287796791,1,GSM,False,21292,9401,427,1,-21,4,0
1223,25.308938333333337,51.51463,0.0,0.0,1561287796791,2,GSM,False,43961,9401,427,1,-29,4,0
1224,25.308938333333337,51.51463,0.0,0.0,1561287796791,3,GSM,False,22172,9401,427,1,-39,4,0
1225,25.308938333333337,51.51463,0.0,0.0,1561287796791,4,GSM,False,43962,9401,427,1,-45,4,0
1226,25.308938333333337,51.51463,0.0,0.0,1561287796791,5,GSM,False,49491,9401,427,1,-53,4,0
1227,25.308938333333337,51.51463,0.0,0.0,1561287796791,6,GSM,False,45071,9401,427,1,-63,4,0
1228,25.308938333333337,51.51463,0.0,0.0,1561287796791,7,GSM,True,19913,121,427,2,-17,4,0
1229,25.308938333333337,51.51463,0.0,0.0,1561287796791,8,GSM,False,11382,121,427,2,-11,4,0
1230,25.308938333333337,51.51463,0.0,0.0,1561287796791,9,GSM,False,19942,121,427,2,-21,4,0
1231,25.308938333333337,51.51463,0.0,0.0,1561287796791,10,GSM,False,11371,121,427,2,-25,4,0
1232,25.308938333333337,51.51463,0.0,0.0,1561287796791,11,GSM,False,11383,121,427,2,-31,4,0
1233,25.308938333333337,51.51463,0.0,0.0,1561287796791,12,GSM,False,19911,121,427,2,-33,4,0
1234,25.308938333333337,51.51463,0.0,0.0,1561287796791,13,GSM,False,11372,121,427,2,-35,4,0
1235,25.308938333333337,51.51463,0.0,0.0,1561287798586,0,GSM,True,21294,9401,427,1,397,4,0
1236,25.308938333333337,51.51463,0.0,0.0,1561287798586,2,GSM,False,44594,9401,427,1,-33,4,0
1237,25.308938333333337,51.51463,0.0,0.0,1561287798586,4,GSM,False,21293,9401,427,1,-45,4,0
1238,25.308938333333337,51.51463,0.0,0.0,1561287798586,5,GSM,False,22391,9402,427,1,-47,4,0
1239,25.308938333333337,51.51463,0.0,0.0,1561287798586,12,GSM,False,10771,161,427,2,-49,4,0
1240,25.308938333333337,51.51463,0.0,0.0,1561287798586,13,GSM,False,12032,121,427,2,-59,4,0
1241,25.30894,51.51467333333333,0.0,0.0,1561287810775,0,GSM,True,21294,9401,427,1,1,4,0
1242,25.30894,51.51467333333333,0.0,0.0,1561287810775,1,GSM,False,21292,9401,427,1,-17,4,0
1243,25.30894,51.51467333333333,0.0,0.0,1561287810775,2,GSM,False,26232,9401,427,1,-23,4,0
1244,25.30894,51.51467333333333,0.0,0.0,1561287810775,3,GSM,False,44594,9401,427,1,-31,4,0
1245,25.30894,51.51467333333333,0.0,0.0,1561287810775,4,GSM,False,21293,9401,427,1,-35,4,0
1246,25.30894,51.51467333333333,0.0,0.0,1561287810775,5,GSM,False,43961,9401,427,1,-39,4,0
1247,25.30894,51.51467333333333,0.0,0.0,1561287810775,6,GSM,False,22172,9401,427,1,-49,4,0
1248,25.30894,51.51467333333333,0.0,0.0,1561287810775,7,GSM,True,11382,121,427,2,11,4,0
1249,25.30894,51.51467333333333,0.0,0.0,1561287810775,8,GSM,False,11383,121,427,2,-11,4,0
1250,25.30894,51.51467333333333,0.0,0.0,1561287810775,9,GSM,False,11371,121,427,2,-31,4,0
1251,25.30894,51.51467333333333,0.0,0.0,1561287810775,10,GSM,False,19913,121,427,2,-41,4,0
1252,25.30894,51.51467333333333,0.0,0.0,1561287810775,11,GSM,False,10771,161,427,2,-43,4,0
1253,25.30894,51.51467333333333,0.0,0.0,1561287810775,12,GSM,False,19911,121,427,2,-45,4,0
1254,25.30894,51.51467333333333,0.0,0.0,1561287810775,13,GSM,False,12032,121,427,2,-67,4,0
1255,25.30894,51.51467333333333,0.0,0.0,1561287811378,10,GSM,False,19942,121,427,2,-37,4,0
1256,25.308933333333336,51.514665,0.0,0.0,1561287812118,0,GSM,True,21294,9401,427,1,1,4,0
1257,25.308933333333336,51.514665,0.0,0.0,1561287812118,1,GSM,False,21292,9401,427,1,-17,4,0
1258,25.308933333333336,51.514665,0.0,0.0,1561287812118,2,GSM,False,26232,9401,427,1,-23,4,0
1259,25.308933333333336,51.514665,0.0,0.0,1561287812118,3,GSM,False,44594,9401,427,1,-31,4,0
1260,25.308933333333336,51.514665,0.0,0.0,1561287812118,4,GSM,False,21293,9401,427,1,-35,4,0
1261,25.308933333333336,51.514665,0.0,0.0,1561287812118,5,GSM,False,43961,9401,427,1,-39,4,0
1262,25.308933333333336,51.514665,0.0,0.0,1561287812118,6,GSM,False,22172,9401,427,1,-49,4,0
1263,25.308933333333336,51.514665,0.0,0.0,1561287812118,7,GSM,True,11382,121,427,2,11,4,0
1264,25.308933333333336,51.514665,0.0,0.0,1561287812118,8,GSM,False,11383,121,427,2,-11,4,0
1265,25.308933333333336,51.514665,0.0,0.0,1561287812118,9,GSM,False,11371,121,427,2,-31,4,0
1266,25.308933333333336,51.514665,0.0,0.0,1561287812118,10,GSM,False,19942,121,427,2,-37,4,0
1267,25.308933333333336,51.514665,0.0,0.0,1561287812118,11,GSM,False,19913,121,427,2,-41,4,0
1268,25.308933333333336,51.514665,0.0,0.0,1561287812118,12,GSM,False,10771,161,427,2,-43,4,0
1269,25.308933333333336,51.514665,0.0,0.0,1561287812118,13,GSM,False,19911,121,427,2,-45,4,0
1270,25.308933333333336,51.514665,0.0,0.0,1561287813442,6,GSM,False,49493,9401,427,1,-41,4,0
1271,25.308886666666663,51.514605,0.0,0.0,1561287813847,0,GSM,True,21294,9401,427,1,1,4,0
1272,25.308886666666663,51.514605,0.0,0.0,1561287813847,1,GSM,False,21292,9401,427,1,-17,4,0
1273,25.308886666666663,51.514605,0.0,0.0,1561287813847,2,GSM,False,26232,9401,427,1,-23,4,0
1274,25.308886666666663,51.514605,0.0,0.0,1561287813847,3,GSM,False,44594,9401,427,1,-33,4,0
1275,25.308886666666663,51.514605,0.0,0.0,1561287813847,4,GSM,False,21293,9401,427,1,-35,4,0
1276,25.308886666666663,51.514605,0.0,0.0,1561287813847,5,GSM,False,43961,9401,427,1,-41,4,0
1277,25.308886666666663,51.514605,0.0,0.0,1561287813847,6,GSM,False,49493,9401,427,1,-41,4,0
1278,25.308886666666663,51.514605,0.0,0.0,1561287813847,7,GSM,True,11382,121,427,2,9,4,0
1279,25.308886666666663,51.514605,0.0,0.0,1561287813847,8,GSM,False,11383,121,427,2,-11,4,0
1280,25.308886666666663,51.514605,0.0,0.0,1561287813847,9,GSM,False,11371,121,427,2,-29,4,0
1281,25.308886666666663,51.514605,0.0,0.0,1561287813847,10,GSM,False,19942,121,427,2,-41,4,0
1282,25.308886666666663,51.514605,0.0,0.0,1561287813847,11,GSM,False,10771,161,427,2,-41,4,0
1283,25.308886666666663,51.514605,0.0,0.0,1561287813847,12,GSM,False,19913,121,427,2,-41,4,0
1284,25.308886666666663,51.514605,0.0,0.0,1561287813847,13,GSM,False,19911,121,427,2,-45,4,0
1285,25.308888333333336,51.514606666666666,0.0,0.0,1561287814809,0,GSM,True,21294,9401,427,1,1,4,0
1286,25.308888333333336,51.514606666666666,0.0,0.0,1561287814809,1,GSM,False,21292,9401,427,1,-17,4,0
1287,25.308888333333336,51.514606666666666,0.0,0.0,1561287814809,2,GSM,False,26232,9401,427,1,-23,4,0
1288,25.308888333333336,51.514606666666666,0.0,0.0,1561287814809,3,GSM,False,44594,9401,427,1,-33,4,0
1289,25.308888333333336,51.514606666666666,0.0,0.0,1561287814809,4,GSM,False,21293,9401,427,1,-35,4,0
1290,25.308888333333336,51.514606666666666,0.0,0.0,1561287814809,5,GSM,False,43961,9401,427,1,-41,4,0
1291,25.308888333333336,51.514606666666666,0.0,0.0,1561287814809,6,GSM,False,49493,9401,427,1,-41,4,0
1292,25.308888333333336,51.514606666666666,0.0,0.0,1561287814809,7,GSM,True,11382,121,427,2,9,4,0
1293,25.308888333333336,51.514606666666666,0.0,0.0,1561287814809,8,GSM,False,11383,121,427,2,-11,4,0
1294,25.308888333333336,51.514606666666666,0.0,0.0,1561287814809,9,GSM,False,11371,121,427,2,-29,4,0
1295,25.308888333333336,51.514606666666666,0.0,0.0,1561287814809,10,GSM,False,19942,121,427,2,-41,4,0
1296,25.308888333333336,51.514606666666666,0.0,0.0,1561287814809,11,GSM,False,10771,161,427,2,-41,4,0
1297,25.308888333333336,51.514606666666666,0.0,0.0,1561287814809,12,GSM,False,19913,121,427,2,-41,4,0
1298,25.308888333333336,51.514606666666666,0.0,0.0,1561287814809,13,GSM,False,19911,121,427,2,-45,4,0
1299,25.308885,51.51462,0.0,0.0,1561287816158,0,GSM,True,21294,9401,427,1,1,4,0
1300,25.308885,51.51462,0.0,0.0,1561287816158,1,GSM,False,21292,9401,427,1,-17,4,0
1301,25.308885,51.51462,0.0,0.0,1561287816158,2,GSM,False,26232,9401,427,1,-23,4,0
1302,25.308885,51.51462,0.0,0.0,1561287816158,3,GSM,False,44594,9401,427,1,-33,4,0
1303,25.308885,51.51462,0.0,0.0,1561287816158,4,GSM,False,21293,9401,427,1,-35,4,0
1304,25.308885,51.51462,0.0,0.0,1561287816158,5,GSM,False,43961,9401,427,1,-41,4,0
1305,25.308885,51.51462,0.0,0.0,1561287816158,6,GSM,False,49493,9401,427,1,-41,4,0
1306,25.308885,51.51462,0.0,0.0,1561287816158,7,GSM,True,11382,121,427,2,9,4,0
1307,25.308885,51.51462,0.0,0.0,1561287816158,8,GSM,False,11383,121,427,2,-11,4,0
1308,25.308885,51.51462,0.0,0.0,1561287816158,9,GSM,False,11371,121,427,2,-29,4,0
1309,25.308885,51.51462,0.0,0.0,1561287816158,10,GSM,False,19942,121,427,2,-41,4,0
1310,25.308885,51.51462,0.0,0.0,1561287816158,11,GSM,False,10771,161,427,2,-41,4,0
1311,25.308885,51.51462,0.0,0.0,1561287816158,12,GSM,False,19913,121,427,2,-41,4,0
1312,25.308885,51.51462,0.0,0.0,1561287816158,13,GSM,False,19911,121,427,2,-45,4,0
1313,25.30888333333333,51.51462333333334,0.0,0.0,1561287816703,0,GSM,True,21294,9401,427,1,1,4,0
1314,25.30888333333333,51.51462333333334,0.0,0.0,1561287816703,1,GSM,False,21292,9401,427,1,-17,4,0
1315,25.30888333333333,51.51462333333334,0.0,0.0,1561287816703,2,GSM,False,26232,9401,427,1,-23,4,0
1316,25.30888333333333,51.51462333333334,0.0,0.0,1561287816703,3,GSM,False,44594,9401,427,1,-33,4,0
1317,25.30888333333333,51.51462333333334,0.0,0.0,1561287816703,4,GSM,False,21293,9401,427,1,-35,4,0
1318,25.30888333333333,51.51462333333334,0.0,0.0,1561287816703,5,GSM,False,43961,9401,427,1,-41,4,0
1319,25.30888333333333,51.51462333333334,0.0,0.0,1561287816703,6,GSM,False,49493,9401,427,1,-41,4,0
1320,25.30888333333333,51.51462333333334,0.0,0.0,1561287816703,7,GSM,True,11382,121,427,2,9,4,0
1321,25.30888333333333,51.51462333333334,0.0,0.0,1561287816703,8,GSM,False,11383,121,427,2,-11,4,0
1322,25.30888333333333,51.51462333333334,0.0,0.0,1561287816703,9,GSM,False,11371,121,427,2,-29,4,0
1323,25.30888333333333,51.51462333333334,0.0,0.0,1561287816703,10,GSM,False,19942,121,427,2,-41,4,0
1324,25.30888333333333,51.51462333333334,0.0,0.0,1561287816703,11,GSM,False,10771,161,427,2,-41,4,0
1325,25.30888333333333,51.51462333333334,0.0,0.0,1561287816703,12,GSM,False,19913,121,427,2,-41,4,0
1326,25.30888333333333,51.51462333333334,0.0,0.0,1561287816703,13,GSM,False,19911,121,427,2,-45,4,0
1327,25.30888333333333,51.514626666666665,0.0,0.0,1561287817796,0,GSM,True,21294,9401,427,1,1,4,0
1328,25.30888333333333,51.514626666666665,0.0,0.0,1561287817796,1,GSM,False,21292,9401,427,1,-25,4,0
1329,25.30888333333333,51.514626666666665,0.0,0.0,1561287817796,2,GSM,False,26232,9401,427,1,-27,4,0
1330,25.30888333333333,51.514626666666665,0.0,0.0,1561287817796,3,GSM,False,44594,9401,427,1,-35,4,0
1331,25.30888333333333,51.514626666666665,0.0,0.0,1561287817796,4,GSM,False,43961,9401,427,1,-41,4,0
1332,25.30888333333333,51.514626666666665,0.0,0.0,1561287817796,5,GSM,False,21293,9401,427,1,-43,4,0
1333,25.30888333333333,51.514626666666665,0.0,0.0,1561287817796,6,GSM,False,49493,9401,427,1,-45,4,0
1334,25.30888333333333,51.514626666666665,0.0,0.0,1561287817796,7,GSM,True,11382,121,427,2,-9,4,0
1335,25.30888333333333,51.514626666666665,0.0,0.0,1561287817796,8,GSM,False,11383,121,427,2,-11,4,0
1336,25.30888333333333,51.514626666666665,0.0,0.0,1561287817796,9,GSM,False,11371,121,427,2,-29,4,0
1337,25.30888333333333,51.514626666666665,0.0,0.0,1561287817796,10,GSM,False,19913,121,427,2,-39,4,0
1338,25.30888333333333,51.514626666666665,0.0,0.0,1561287817796,11,GSM,False,19942,121,427,2,-39,4,0
1339,25.30888333333333,51.514626666666665,0.0,0.0,1561287817796,12,GSM,False,10771,161,427,2,-41,4,0
1340,25.30888333333333,51.514626666666665,0.0,0.0,1561287817796,13,GSM,False,19911,121,427,2,-47,4,0
1341,25.308888333333336,51.514626666666665,0.0,0.0,1561287818723,0,GSM,True,21294,9401,427,1,1,4,0
1342,25.308888333333336,51.514626666666665,0.0,0.0,1561287818723,1,GSM,False,21292,9401,427,1,-25,4,0
1343,25.308888333333336,51.514626666666665,0.0,0.0,1561287818723,2,GSM,False,26232,9401,427,1,-27,4,0
1344,25.308888333333336,51.514626666666665,0.0,0.0,1561287818723,3,GSM,False,44594,9401,427,1,-35,4,0
1345,25.308888333333336,51.514626666666665,0.0,0.0,1561287818723,4,GSM,False,43961,9401,427,1,-41,4,0
1346,25.308888333333336,51.514626666666665,0.0,0.0,1561287818723,5,GSM,False,21293,9401,427,1,-43,4,0
1347,25.308888333333336,51.514626666666665,0.0,0.0,1561287818723,6,GSM,False,49493,9401,427,1,-45,4,0
1348,25.308888333333336,51.514626666666665,0.0,0.0,1561287818723,7,GSM,True,11382,121,427,2,-9,4,0
1349,25.308888333333336,51.514626666666665,0.0,0.0,1561287818723,8,GSM,False,11383,121,427,2,-11,4,0
1350,25.308888333333336,51.514626666666665,0.0,0.0,1561287818723,9,GSM,False,11371,121,427,2,-29,4,0
1351,25.308888333333336,51.514626666666665,0.0,0.0,1561287818723,10,GSM,False,19913,121,427,2,-39,4,0
1352,25.308888333333336,51.514626666666665,0.0,0.0,1561287818723,11,GSM,False,19942,121,427,2,-39,4,0
1353,25.308888333333336,51.514626666666665,0.0,0.0,1561287818723,12,GSM,False,10771,161,427,2,-41,4,0
1354,25.308888333333336,51.514626666666665,0.0,0.0,1561287818723,13,GSM,False,19911,121,427,2,-47,4,0
1355,25.308888333333336,51.51462833333333,0.0,0.0,1561287820272,0,GSM,True,21294,9401,427,1,1,4,0
1356,25.308888333333336,51.51462833333333,0.0,0.0,1561287820272,1,GSM,False,21292,9401,427,1,-25,4,0
1357,25.308888333333336,51.51462833333333,0.0,0.0,1561287820272,2,GSM,False,26232,9401,427,1,-27,4,0
1358,25.308888333333336,51.51462833333333,0.0,0.0,1561287820272,3,GSM,False,44594,9401,427,1,-35,4,0
1359,25.308888333333336,51.51462833333333,0.0,0.0,1561287820272,4,GSM,False,43961,9401,427,1,-41,4,0
1360,25.308888333333336,51.51462833333333,0.0,0.0,1561287820272,5,GSM,False,21293,9401,427,1,-43,4,0
1361,25.308888333333336,51.51462833333333,0.0,0.0,1561287820272,6,GSM,False,49493,9401,427,1,-45,4,0
1362,25.308888333333336,51.51462833333333,0.0,0.0,1561287820272,7,GSM,True,11382,121,427,2,-9,4,0
1363,25.308888333333336,51.51462833333333,0.0,0.0,1561287820272,8,GSM,False,11383,121,427,2,-11,4,0
1364,25.308888333333336,51.51462833333333,0.0,0.0,1561287820272,9,GSM,False,11371,121,427,2,-29,4,0
1365,25.308888333333336,51.51462833333333,0.0,0.0,1561287820272,10,GSM,False,19913,121,427,2,-39,4,0
1366,25.308888333333336,51.51462833333333,0.0,0.0,1561287820272,11,GSM,False,19942,121,427,2,-39,4,0
1367,25.308888333333336,51.51462833333333,0.0,0.0,1561287820272,12,GSM,False,10771,161,427,2,-41,4,0
1368,25.308888333333336,51.51462833333333,0.0,0.0,1561287820272,13,GSM,False,19911,121,427,2,-47,4,0
1369,25.308891666666668,51.51463,0.0,0.0,1561287820839,0,GSM,True,21294,9401,427,1,1,4,0
1370,25.308891666666668,51.51463,0.0,0.0,1561287820839,1,GSM,False,21292,9401,427,1,-25,4,0
1371,25.308891666666668,51.51463,0.0,0.0,1561287820839,2,GSM,False,26232,9401,427,1,-27,4,0
1372,25.308891666666668,51.51463,0.0,0.0,1561287820839,3,GSM,False,44594,9401,427,1,-35,4,0
1373,25.308891666666668,51.51463,0.0,0.0,1561287820839,4,GSM,False,43961,9401,427,1,-41,4,0
1374,25.308891666666668,51.51463,0.0,0.0,1561287820839,5,GSM,False,21293,9401,427,1,-43,4,0
1375,25.308891666666668,51.51463,0.0,0.0,1561287820839,6,GSM,False,49493,9401,427,1,-45,4,0
1376,25.308891666666668,51.51463,0.0,0.0,1561287820839,7,GSM,True,11382,121,427,2,-9,4,0
1377,25.308891666666668,51.51463,0.0,0.0,1561287820839,8,GSM,False,11383,121,427,2,-11,4,0
1378,25.308891666666668,51.51463,0.0,0.0,1561287820839,9,GSM,False,11371,121,427,2,-29,4,0
1379,25.308891666666668,51.51463,0.0,0.0,1561287820839,10,GSM,False,19913,121,427,2,-39,4,0
1380,25.308891666666668,51.51463,0.0,0.0,1561287820839,11,GSM,False,19942,121,427,2,-39,4,0
1381,25.308891666666668,51.51463,0.0,0.0,1561287820839,12,GSM,False,10771,161,427,2,-41,4,0
1382,25.308891666666668,51.51463,0.0,0.0,1561287820839,13,GSM,False,19911,121,427,2,-47,4,0
1383,25.308895,51.51463166666667,0.0,0.0,1561287821885,0,GSM,True,21294,9401,427,1,1,4,0
1384,25.308895,51.51463166666667,0.0,0.0,1561287821885,1,GSM,False,26232,9401,427,1,-31,4,0
1385,25.308895,51.51463166666667,0.0,0.0,1561287821885,2,GSM,False,21292,9401,427,1,-33,4,0
1386,25.308895,51.51463166666667,0.0,0.0,1561287821885,3,GSM,False,43961,9401,427,1,-39,4,0
1387,25.308895,51.51463166666667,0.0,0.0,1561287821885,4,GSM,False,44594,9401,427,1,-39,4,0
1388,25.308895,51.51463166666667,0.0,0.0,1561287821885,5,GSM,False,22172,9401,427,1,-47,4,0
1389,25.308895,51.51463166666667,0.0,0.0,1561287821885,6,GSM,False,21293,9401,427,1,-49,4,0
1390,25.308895,51.51463166666667,0.0,0.0,1561287821885,7,GSM,True,11382,121,427,2,-7,4,0
1391,25.308895,51.51463166666667,0.0,0.0,1561287821885,8,GSM,False,11383,121,427,2,-11,4,0
1392,25.308895,51.51463166666667,0.0,0.0,1561287821885,9,GSM,False,11371,121,427,2,-29,4,0
1393,25.308895,51.51463166666667,0.0,0.0,1561287821885,10,GSM,False,19913,121,427,2,-37,4,0
1394,25.308895,51.51463166666667,0.0,0.0,1561287821885,11,GSM,False,19942,121,427,2,-39,4,0
1395,25.308895,51.51463166666667,0.0,0.0,1561287821885,12,GSM,False,10771,161,427,2,-39,4,0
1396,25.308895,51.51463166666667,0.0,0.0,1561287821885,13,GSM,False,19911,121,427,2,-49,4,0
1397,25.308895,51.51463166666667,0.0,0.0,1561287828024,5,GSM,False,20811,9401,427,1,-47,4,0
1398,25.30895,51.51469166666667,0.0,0.0,1561287833849,0,GSM,True,21294,9401,427,1,1,4,0
1399,25.30895,51.51469166666667,0.0,0.0,1561287833849,1,GSM,False,21292,9401,427,1,-37,4,0
1400,25.30895,51.51469166666667,0.0,0.0,1561287833849,2,GSM,False,44594,9401,427,1,-41,4,0
1401,25.30895,51.51469166666667,0.0,0.0,1561287833849,3,GSM,False,26232,9401,427,1,-41,4,0
1402,25.30895,51.51469166666667,0.0,0.0,1561287833849,4,GSM,False,43961,9401,427,1,-43,4,0
1403,25.30895,51.51469166666667,0.0,0.0,1561287833849,5,GSM,False,20811,9401,427,1,-47,4,0
1404,25.30895,51.51469166666667,0.0,0.0,1561287833849,6,GSM,False,22172,9401,427,1,-47,4,0
1405,25.30895,51.51469166666667,0.0,0.0,1561287833849,7,GSM,True,11382,121,427,2,7,4,0
1406,25.30895,51.51469166666667,0.0,0.0,1561287833849,8,GSM,False,11383,121,427,2,-13,4,0
1407,25.30895,51.51469166666667,0.0,0.0,1561287833849,9,GSM,False,11371,121,427,2,-29,4,0
1408,25.30895,51.51469166666667,0.0,0.0,1561287833849,10,GSM,False,19913,121,427,2,-37,4,0
1409,25.30895,51.51469166666667,0.0,0.0,1561287833849,11,GSM,False,19942,121,427,2,-37,4,0
1410,25.30895,51.51469166666667,0.0,0.0,1561287833849,12,GSM,False,10771,161,427,2,-39,4,0
1411,25.30895,51.51469166666667,0.0,0.0,1561287833849,13,GSM,False,19911,121,427,2,-45,4,0
1412,25.308945,51.51466333333333,0.0,0.0,1561287834901,0,GSM,True,21294,9401,427,1,1,4,0
1413,25.308945,51.51466333333333,0.0,0.0,1561287834901,1,GSM,False,21292,9401,427,1,-37,4,0
1414,25.308945,51.51466333333333,0.0,0.0,1561287834901,2,GSM,False,44594,9401,427,1,-41,4,0
1415,25.308945,51.51466333333333,0.0,0.0,1561287834901,3,GSM,False,26232,9401,427,1,-41,4,0
1416,25.308945,51.51466333333333,0.0,0.0,1561287834901,4,GSM,False,43961,9401,427,1,-43,4,0
1417,25.308945,51.51466333333333,0.0,0.0,1561287834901,5,GSM,False,20811,9401,427,1,-47,4,0
1418,25.308945,51.51466333333333,0.0,0.0,1561287834901,6,GSM,False,22172,9401,427,1,-47,4,0
1419,25.308945,51.51466333333333,0.0,0.0,1561287834901,7,GSM,True,11382,121,427,2,5,4,0
1420,25.308945,51.51466333333333,0.0,0.0,1561287834901,8,GSM,False,11383,121,427,2,-15,4,0
1421,25.308945,51.51466333333333,0.0,0.0,1561287834901,9,GSM,False,11371,121,427,2,-31,4,0
1422,25.308945,51.51466333333333,0.0,0.0,1561287834901,10,GSM,False,19942,121,427,2,-31,4,0
1423,25.308945,51.51466333333333,0.0,0.0,1561287834901,11,GSM,False,19913,121,427,2,-35,4,0
1424,25.308945,51.51466333333333,0.0,0.0,1561287834901,12,GSM,False,10771,161,427,2,-39,4,0
1425,25.308945,51.51466333333333,0.0,0.0,1561287834901,13,GSM,False,19911,121,427,2,-47,4,0
1426,25.308945,51.51466333333333,0.0,0.0,1561287837118,3,GSM,False,22391,9402,427,1,-43,4,0
1427,25.308945,51.51466333333333,0.0,0.0,1561287843452,4,GSM,False,43962,9401,427,1,-43,4,0
1428,25.308893333333337,51.51462833333333,0.0,0.0,1561287845915,0,GSM,True,21294,9401,427,1,1,4,0
1429,25.308893333333337,51.51462833333333,0.0,0.0,1561287845915,1,GSM,False,21292,9401,427,1,-31,4,0
1430,25.308893333333337,51.51462833333333,0.0,0.0,1561287845915,2,GSM,False,44594,9401,427,1,-37,4,0
1431,25.308893333333337,51.51462833333333,0.0,0.0,1561287845915,3,GSM,False,26232,9401,427,1,-41,4,0
1432,25.308893333333337,51.51462833333333,0.0,0.0,1561287845915,4,GSM,False,43962,9401,427,1,-43,4,0
1433,25.308893333333337,51.51462833333333,0.0,0.0,1561287845915,5,GSM,False,43961,9401,427,1,-47,4,0
1434,25.308893333333337,51.51462833333333,0.0,0.0,1561287845915,6,GSM,False,22172,9401,427,1,-47,4,0
1435,25.308893333333337,51.51462833333333,0.0,0.0,1561287845915,7,GSM,True,11382,121,427,2,-7,4,0
1436,25.308893333333337,51.51462833333333,0.0,0.0,1561287845915,8,GSM,False,11383,121,427,2,-17,4,0
1437,25.308893333333337,51.51462833333333,0.0,0.0,1561287845915,9,GSM,False,11371,121,427,2,-29,4,0
1438,25.308893333333337,51.51462833333333,0.0,0.0,1561287845915,10,GSM,False,19942,121,427,2,-31,4,0
1439,25.308893333333337,51.51462833333333,0.0,0.0,1561287845915,11,GSM,False,19913,121,427,2,-35,4,0
1440,25.308893333333337,51.51462833333333,0.0,0.0,1561287845915,12,GSM,False,10771,161,427,2,-39,4,0
1441,25.308893333333337,51.51462833333333,0.0,0.0,1561287845915,13,GSM,False,19911,121,427,2,-43,4,0
1442,25.308925,51.51459499999999,0.0,0.0,1561287847663,0,GSM,True,21294,9401,427,1,-3,4,0
1443,25.308925,51.51459499999999,0.0,0.0,1561287847663,1,GSM,False,21292,9401,427,1,-31,4,0
1444,25.308925,51.51459499999999,0.0,0.0,1561287847663,2,GSM,False,44594,9401,427,1,-37,4,0
1445,25.308925,51.51459499999999,0.0,0.0,1561287847663,3,GSM,False,26232,9401,427,1,-37,4,0
1446,25.308925,51.51459499999999,0.0,0.0,1561287847663,4,GSM,False,43962,9401,427,1,-45,4,0
1447,25.308925,51.51459499999999,0.0,0.0,1561287847663,5,GSM,False,20811,9401,427,1,-47,4,0
1448,25.308925,51.51459499999999,0.0,0.0,1561287847663,6,GSM,False,22172,9401,427,1,-47,4,0
1449,25.308925,51.51459499999999,0.0,0.0,1561287847663,7,GSM,True,11382,121,427,2,1,4,0
1450,25.308925,51.51459499999999,0.0,0.0,1561287847663,8,GSM,False,11383,121,427,2,-17,4,0
1451,25.308925,51.51459499999999,0.0,0.0,1561287847663,9,GSM,False,19942,121,427,2,-25,4,0
1452,25.308925,51.51459499999999,0.0,0.0,1561287847663,10,GSM,False,11371,121,427,2,-31,4,0
1453,25.308925,51.51459499999999,0.0,0.0,1561287847663,11,GSM,False,19913,121,427,2,-37,4,0
1454,25.308925,51.51459499999999,0.0,0.0,1561287847663,12,GSM,False,10771,161,427,2,-41,4,0
1455,25.308925,51.51459499999999,0.0,0.0,1561287847663,13,GSM,False,19911,121,427,2,-41,4,0
1456,25.308923333333336,51.51459666666666,0.0,0.0,1561287848976,0,GSM,True,21294,9401,427,1,-3,4,0
1457,25.308923333333336,51.51459666666666,0.0,0.0,1561287848976,1,GSM,False,21292,9401,427,1,-31,4,0
1458,25.308923333333336,51.51459666666666,0.0,0.0,1561287848976,2,GSM,False,44594,9401,427,1,-37,4,0
1459,25.308923333333336,51.51459666666666,0.0,0.0,1561287848976,3,GSM,False,26232,9401,427,1,-37,4,0
1460,25.308923333333336,51.51459666666666,0.0,0.0,1561287848976,4,GSM,False,43962,9401,427,1,-45,4,0
1461,25.308923333333336,51.51459666666666,0.0,0.0,1561287848976,5,GSM,False,20811,9401,427,1,-47,4,0
1462,25.308923333333336,51.51459666666666,0.0,0.0,1561287848976,6,GSM,False,22172,9401,427,1,-47,4,0
1463,25.308923333333336,51.51459666666666,0.0,0.0,1561287848976,7,GSM,True,11382,121,427,2,1,4,0
1464,25.308923333333336,51.51459666666666,0.0,0.0,1561287848976,8,GSM,False,11383,121,427,2,-17,4,0
1465,25.308923333333336,51.51459666666666,0.0,0.0,1561287848976,9,GSM,False,19942,121,427,2,-25,4,0
1466,25.308923333333336,51.51459666666666,0.0,0.0,1561287848976,10,GSM,False,11371,121,427,2,-31,4,0
1467,25.308923333333336,51.51459666666666,0.0,0.0,1561287848976,11,GSM,False,19913,121,427,2,-37,4,0
1468,25.308923333333336,51.51459666666666,0.0,0.0,1561287848976,12,GSM,False,10771,161,427,2,-41,4,0
1469,25.308923333333336,51.51459666666666,0.0,0.0,1561287848976,13,GSM,False,19911,121,427,2,-41,4,0
1470,25.308923333333336,51.51459666666666,0.0,0.0,1561287852082,6,GSM,False,43961,9401,427,1,-49,4,0
1471,25.308923333333336,51.51459666666666,0.0,0.0,1561287858812,6,GSM,False,49493,9401,427,1,-49,4,0
1472,25.30885333333333,51.51467333333333,0.0,0.0,1561287860372,0,GSM,True,21294,9401,427,1,-3,4,0
1473,25.30885333333333,51.51467333333333,0.0,0.0,1561287860372,1,GSM,False,26232,9401,427,1,-37,4,0
1474,25.30885333333333,51.51467333333333,0.0,0.0,1561287860372,2,GSM,False,44594,9401,427,1,-37,4,0
1475,25.30885333333333,51.51467333333333,0.0,0.0,1561287860372,3,GSM,False,21292,9401,427,1,-41,4,0
1476,25.30885333333333,51.51467333333333,0.0,0.0,1561287860372,4,GSM,False,43962,9401,427,1,-47,4,0
1477,25.30885333333333,51.51467333333333,0.0,0.0,1561287860372,5,GSM,False,20811,9401,427,1,-47,4,0
1478,25.30885333333333,51.51467333333333,0.0,0.0,1561287860372,6,GSM,False,49493,9401,427,1,-49,4,0
1479,25.30885333333333,51.51467333333333,0.0,0.0,1561287860372,7,GSM,True,11382,121,427,2,-3,4,0
1480,25.30885333333333,51.51467333333333,0.0,0.0,1561287860372,8,GSM,False,11383,121,427,2,-11,4,0
1481,25.30885333333333,51.51467333333333,0.0,0.0,1561287860372,9,GSM,False,19942,121,427,2,-25,4,0
1482,25.30885333333333,51.51467333333333,0.0,0.0,1561287860372,10,GSM,False,11371,121,427,2,-31,4,0
1483,25.30885333333333,51.51467333333333,0.0,0.0,1561287860372,11,GSM,False,19913,121,427,2,-39,4,0
1484,25.30885333333333,51.51467333333333,0.0,0.0,1561287860372,12,GSM,False,19911,121,427,2,-43,4,0
1485,25.30885333333333,51.51467333333333,0.0,0.0,1561287860372,13,GSM,False,10771,161,427,2,-45,4,0
1486,25.30897333333333,51.51462166666667,0.0,0.0,1561287860912,0,GSM,True,21294,9401,427,1,-3,4,0
1487,25.30897333333333,51.51462166666667,0.0,0.0,1561287860912,1,GSM,False,26232,9401,427,1,-37,4,0
1488,25.30897333333333,51.51462166666667,0.0,0.0,1561287860912,2,GSM,False,44594,9401,427,1,-37,4,0
1489,25.30897333333333,51.51462166666667,0.0,0.0,1561287860912,3,GSM,False,21292,9401,427,1,-41,4,0
1490,25.30897333333333,51.51462166666667,0.0,0.0,1561287860912,4,GSM,False,43962,9401,427,1,-47,4,0
1491,25.30897333333333,51.51462166666667,0.0,0.0,1561287860912,5,GSM,False,20811,9401,427,1,-47,4,0
1492,25.30897333333333,51.51462166666667,0.0,0.0,1561287860912,6,GSM,False,49493,9401,427,1,-49,4,0
1493,25.30897333333333,51.51462166666667,0.0,0.0,1561287860912,7,GSM,True,11382,121,427,2,-3,4,0
1494,25.30897333333333,51.51462166666667,0.0,0.0,1561287860912,8,GSM,False,11383,121,427,2,-11,4,0
1495,25.30897333333333,51.51462166666667,0.0,0.0,1561287860912,9,GSM,False,19942,121,427,2,-25,4,0
1496,25.30897333333333,51.51462166666667,0.0,0.0,1561287860912,10,GSM,False,11371,121,427,2,-31,4,0
1497,25.30897333333333,51.51462166666667,0.0,0.0,1561287860912,11,GSM,False,19913,121,427,2,-39,4,0
1498,25.30897333333333,51.51462166666667,0.0,0.0,1561287860912,12,GSM,False,19911,121,427,2,-43,4,0
1499,25.30897333333333,51.51462166666667,0.0,0.0,1561287860912,13,GSM,False,10771,161,427,2,-45,4,0
1500,25.308913333333333,51.514645,0.0,0.0,1561287862081,0,GSM,True,21294,9401,427,1,-3,4,0
1501,25.308913333333333,51.514645,0.0,0.0,1561287862081,1,GSM,False,26232,9401,427,1,-37,4,0
1502,25.308913333333333,51.514645,0.0,0.0,1561287862081,2,GSM,False,44594,9401,427,1,-37,4,0
1503,25.308913333333333,51.514645,0.0,0.0,1561287862081,3,GSM,False,21292,9401,427,1,-41,4,0
1504,25.308913333333333,51.514645,0.0,0.0,1561287862081,4,GSM,False,43962,9401,427,1,-47,4,0
1505,25.308913333333333,51.514645,0.0,0.0,1561287862081,5,GSM,False,20811,9401,427,1,-47,4,0
1506,25.308913333333333,51.514645,0.0,0.0,1561287862081,6,GSM,False,49493,9401,427,1,-49,4,0
1507,25.308913333333333,51.514645,0.0,0.0,1561287862081,7,GSM,True,11382,121,427,2,-3,4,0
1508,25.308913333333333,51.514645,0.0,0.0,1561287862081,8,GSM,False,11383,121,427,2,-11,4,0
1509,25.308913333333333,51.514645,0.0,0.0,1561287862081,9,GSM,False,19942,121,427,2,-25,4,0
1510,25.308913333333333,51.514645,0.0,0.0,1561287862081,10,GSM,False,11371,121,427,2,-31,4,0
1511,25.308913333333333,51.514645,0.0,0.0,1561287862081,11,GSM,False,19913,121,427,2,-39,4,0
1512,25.308913333333333,51.514645,0.0,0.0,1561287862081,12,GSM,False,19911,121,427,2,-43,4,0
1513,25.308913333333333,51.514645,0.0,0.0,1561287862081,13,GSM,False,10771,161,427,2,-45,4,0
1514,25.308913333333333,51.514645,0.0,0.0,1561287862782,6,GSM,False,45071,9401,427,1,-47,4,0
1515,25.308913333333333,51.514645,0.0,0.0,1561287867370,6,GSM,False,20801,9401,427,1,-51,4,0
1516,25.308913333333333,51.514645,0.0,0.0,1561287871925,4,GSM,False,21293,9401,427,1,-47,4,0
1517,25.308913333333333,51.514645,0.0,0.0,1561287871925,5,GSM,False,22172,9401,427,1,-49,4,0
1518,25.308913333333333,51.514645,0.0,0.0,1561287871925,6,GSM,False,43961,9401,427,1,-49,4,0
1519,25.309608333333337,51.514763333333335,0.0,0.0,1561287873301,0,GSM,True,21294,9401,427,1,-21,4,0
1520,25.309608333333337,51.514763333333335,0.0,0.0,1561287873301,1,GSM,False,26232,9401,427,1,-25,4,0
1521,25.309608333333337,51.514763333333335,0.0,0.0,1561287873301,2,GSM,False,21292,9401,427,1,-37,4,0
1522,25.309608333333337,51.514763333333335,0.0,0.0,1561287873301,3,GSM,False,44594,9401,427,1,-39,4,0
1523,25.309608333333337,51.514763333333335,0.0,0.0,1561287873301,4,GSM,False,21293,9401,427,1,-47,4,0
1524,25.309608333333337,51.514763333333335,0.0,0.0,1561287873301,5,GSM,False,22172,9401,427,1,-49,4,0
1525,25.309608333333337,51.514763333333335,0.0,0.0,1561287873301,6,GSM,False,43961,9401,427,1,-49,4,0
1526,25.309608333333337,51.514763333333335,0.0,0.0,1561287873301,7,GSM,True,11382,121,427,2,5,4,0
1527,25.309608333333337,51.514763333333335,0.0,0.0,1561287873301,8,GSM,False,11383,121,427,2,-5,4,0
1528,25.309608333333337,51.514763333333335,0.0,0.0,1561287873301,9,GSM,False,19942,121,427,2,-23,4,0
1529,25.309608333333337,51.514763333333335,0.0,0.0,1561287873301,10,GSM,False,11371,121,427,2,-31,4,0
1530,25.309608333333337,51.514763333333335,0.0,0.0,1561287873301,11,GSM,False,19913,121,427,2,-39,4,0
1531,25.309608333333337,51.514763333333335,0.0,0.0,1561287873301,12,GSM,False,10771,161,427,2,-45,4,0
1532,25.309608333333337,51.514763333333335,0.0,0.0,1561287873301,13,GSM,False,19911,121,427,2,-47,4,0
1533,25.309671666666667,51.514765,0.0,0.0,1561287874717,0,GSM,True,21294,9401,427,1,-21,4,0
1534,25.309671666666667,51.514765,0.0,0.0,1561287874717,1,GSM,False,26232,9401,427,1,-25,4,0
1535,25.309671666666667,51.514765,0.0,0.0,1561287874717,2,GSM,False,21292,9401,427,1,-37,4,0
1536,25.309671666666667,51.514765,0.0,0.0,1561287874717,3,GSM,False,44594,9401,427,1,-39,4,0
1537,25.309671666666667,51.514765,0.0,0.0,1561287874717,4,GSM,False,21293,9401,427,1,-47,4,0
1538,25.309671666666667,51.514765,0.0,0.0,1561287874717,5,GSM,False,22172,9401,427,1,-49,4,0
1539,25.309671666666667,51.514765,0.0,0.0,1561287874717,6,GSM,False,43961,9401,427,1,-49,4,0
1540,25.309671666666667,51.514765,0.0,0.0,1561287874717,7,GSM,True,11382,121,427,2,11,4,0
1541,25.309671666666667,51.514765,0.0,0.0,1561287874717,8,GSM,False,11383,121,427,2,-9,4,0
1542,25.309671666666667,51.514765,0.0,0.0,1561287874717,9,GSM,False,19942,121,427,2,-27,4,0
1543,25.309671666666667,51.514765,0.0,0.0,1561287874717,10,GSM,False,19913,121,427,2,-29,4,0
1544,25.309671666666667,51.514765,0.0,0.0,1561287874717,11,GSM,False,11371,121,427,2,-35,4,0
1545,25.309671666666667,51.514765,0.0,0.0,1561287874717,12,GSM,False,10771,161,427,2,-47,4,0
1546,25.309671666666667,51.514765,0.0,0.0,1561287874717,13,GSM,False,19911,121,427,2,-47,4,0
1547,25.309726666666663,51.51473833333333,0.0,0.0,1561287876284,0,GSM,True,21294,9401,427,1,-21,4,0
1548,25.309726666666663,51.51473833333333,0.0,0.0,1561287876284,1,GSM,False,26232,9401,427,1,-25,4,0
1549,25.309726666666663,51.51473833333333,0.0,0.0,1561287876284,2,GSM,False,21292,9401,427,1,-37,4,0
1550,25.309726666666663,51.51473833333333,0.0,0.0,1561287876284,3,GSM,False,44594,9401,427,1,-39,4,0
1551,25.309726666666663,51.51473833333333,0.0,0.0,1561287876284,4,GSM,False,21293,9401,427,1,-47,4,0
1552,25.309726666666663,51.51473833333333,0.0,0.0,1561287876284,5,GSM,False,22172,9401,427,1,-49,4,0
1553,25.309726666666663,51.51473833333333,0.0,0.0,1561287876284,6,GSM,False,43961,9401,427,1,-49,4,0
1554,25.309726666666663,51.51473833333333,0.0,0.0,1561287876284,7,GSM,True,11382,121,427,2,11,4,0
1555,25.309726666666663,51.51473833333333,0.0,0.0,1561287876284,8,GSM,False,11383,121,427,2,-9,4,0
1556,25.309726666666663,51.51473833333333,0.0,0.0,1561287876284,9,GSM,False,19942,121,427,2,-27,4,0
1557,25.309726666666663,51.51473833333333,0.0,0.0,1561287876284,10,GSM,False,19913,121,427,2,-29,4,0
1558,25.309726666666663,51.51473833333333,0.0,0.0,1561287876284,11,GSM,False,11371,121,427,2,-35,4,0
1559,25.309726666666663,51.51473833333333,0.0,0.0,1561287876284,12,GSM,False,10771,161,427,2,-47,4,0
1560,25.309726666666663,51.51473833333333,0.0,0.0,1561287876284,13,GSM,False,19911,121,427,2,-47,4,0
1561,25.309726666666663,51.51473833333333,0.0,0.0,1561287876674,4,GSM,False,43962,9401,427,1,-45,4,0
1562,25.309726666666663,51.51473833333333,0.0,0.0,1561287880762,5,GSM,False,49493,9401,427,1,-41,4,0
1563,25.309726666666663,51.51473833333333,0.0,0.0,1561287886302,6,GSM,False,20811,9401,427,1,-45,4,0
1564,25.31043833333333,51.51332833333333,0.0,0.0,1561287889950,0,GSM,True,21294,9401,427,1,-19,4,0
1565,25.31043833333333,51.51332833333333,0.0,0.0,1561287889950,1,GSM,False,26232,9401,427,1,-13,4,0
1566,25.31043833333333,51.51332833333333,0.0,0.0,1561287889950,2,GSM,False,21293,9401,427,1,-31,4,0
1567,25.31043833333333,51.51332833333333,0.0,0.0,1561287889950,3,GSM,False,43961,9401,427,1,-33,4,0
1568,25.31043833333333,51.51332833333333,0.0,0.0,1561287889950,4,GSM,False,49493,9401,427,1,-41,4,0
1569,25.31043833333333,51.51332833333333,0.0,0.0,1561287889950,5,GSM,False,21292,9401,427,1,-45,4,0
1570,25.31043833333333,51.51332833333333,0.0,0.0,1561287889950,6,GSM,False,20811,9401,427,1,-45,4,0
1571,25.31043833333333,51.51332833333333,0.0,0.0,1561287889950,7,GSM,True,11382,121,427,2,-7,4,0
1572,25.31043833333333,51.51332833333333,0.0,0.0,1561287889950,8,GSM,False,11383,121,427,2,-7,4,0
1573,25.31043833333333,51.51332833333333,0.0,0.0,1561287889950,9,GSM,False,19942,121,427,2,-19,4,0
1574,25.31043833333333,51.51332833333333,0.0,0.0,1561287889950,10,GSM,False,11371,121,427,2,-27,4,0
1575,25.31043833333333,51.51332833333333,0.0,0.0,1561287889950,11,GSM,False,19913,121,427,2,-29,4,0
1576,25.31043833333333,51.51332833333333,0.0,0.0,1561287889950,12,GSM,False,19911,121,427,2,-41,4,0
1577,25.31043833333333,51.51332833333333,0.0,0.0,1561287889950,13,GSM,False,10771,161,427,2,-47,4,0
1578,25.310558333333333,51.51314333333333,0.0,0.0,1561287890642,0,GSM,True,21294,9401,427,1,-19,4,0
1579,25.310558333333333,51.51314333333333,0.0,0.0,1561287890642,1,GSM,False,26232,9401,427,1,-13,4,0
1580,25.310558333333333,51.51314333333333,0.0,0.0,1561287890642,2,GSM,False,21293,9401,427,1,-31,4,0
1581,25.310558333333333,51.51314333333333,0.0,0.0,1561287890642,3,GSM,False,43961,9401,427,1,-33,4,0
1582,25.310558333333333,51.51314333333333,0.0,0.0,1561287890642,4,GSM,False,49493,9401,427,1,-41,4,0
1583,25.310558333333333,51.51314333333333,0.0,0.0,1561287890642,5,GSM,False,21292,9401,427,1,-45,4,0
1584,25.310558333333333,51.51314333333333,0.0,0.0,1561287890642,6,GSM,False,20811,9401,427,1,-45,4,0
1585,25.310558333333333,51.51314333333333,0.0,0.0,1561287890642,7,GSM,True,11382,121,427,2,-7,4,0
1586,25.310558333333333,51.51314333333333,0.0,0.0,1561287890642,8,GSM,False,11383,121,427,2,-7,4,0
1587,25.310558333333333,51.51314333333333,0.0,0.0,1561287890642,9,GSM,False,19942,121,427,2,-19,4,0
1588,25.310558333333333,51.51314333333333,0.0,0.0,1561287890642,10,GSM,False,11371,121,427,2,-27,4,0
1589,25.310558333333333,51.51314333333333,0.0,0.0,1561287890642,11,GSM,False,19913,121,427,2,-29,4,0
1590,25.310558333333333,51.51314333333333,0.0,0.0,1561287890642,12,GSM,False,19911,121,427,2,-41,4,0
1591,25.310558333333333,51.51314333333333,0.0,0.0,1561287890642,13,GSM,False,10771,161,427,2,-47,4,0
1592,25.310621666666663,51.51299000000001,0.0,0.0,1561287891811,0,GSM,True,21294,9401,427,1,-19,4,0
1593,25.310621666666663,51.51299000000001,0.0,0.0,1561287891811,1,GSM,False,26232,9401,427,1,-13,4,0
1594,25.310621666666663,51.51299000000001,0.0,0.0,1561287891811,2,GSM,False,21293,9401,427,1,-31,4,0
1595,25.310621666666663,51.51299000000001,0.0,0.0,1561287891811,3,GSM,False,43961,9401,427,1,-33,4,0
1596,25.310621666666663,51.51299000000001,0.0,0.0,1561287891811,4,GSM,False,49493,9401,427,1,-41,4,0
1597,25.310621666666663,51.51299000000001,0.0,0.0,1561287891811,5,GSM,False,21292,9401,427,1,-45,4,0
1598,25.310621666666663,51.51299000000001,0.0,0.0,1561287891811,6,GSM,False,20811,9401,427,1,-45,4,0
1599,25.310621666666663,51.51299000000001,0.0,0.0,1561287891811,7,GSM,True,11382,121,427,2,-7,4,0
1600,25.310621666666663,51.51299000000001,0.0,0.0,1561287891811,8,GSM,False,11383,121,427,2,-7,4,0
1601,25.310621666666663,51.51299000000001,0.0,0.0,1561287891811,9,GSM,False,19942,121,427,2,-19,4,0
1602,25.310621666666663,51.51299000000001,0.0,0.0,1561287891811,10,GSM,False,11371,121,427,2,-27,4,0
1603,25.310621666666663,51.51299000000001,0.0,0.0,1561287891811,11,GSM,False,19913,121,427,2,-29,4,0
1604,25.310621666666663,51.51299000000001,0.0,0.0,1561287891811,12,GSM,False,19911,121,427,2,-41,4,0
1605,25.310621666666663,51.51299000000001,0.0,0.0,1561287891811,13,GSM,False,10771,161,427,2,-47,4,0
1606,25.310621666666663,51.51299000000001,0.0,0.0,1561287892560,12,GSM,False,12032,121,427,2,-57,4,0
1607,25.310621666666663,51.51299000000001,0.0,0.0,1561287894594,3,GSM,False,22172,9401,427,1,-43,4,0
1608,25.310621666666663,51.51299000000001,0.0,0.0,1561287894594,4,GSM,False,49491,9401,427,1,-49,4,0
1609,25.310621666666663,51.51299000000001,0.0,0.0,1561287894594,5,GSM,False,20801,9401,427,1,-49,4,0
1610,25.310621666666663,51.51299000000001,0.0,0.0,1561287894594,6,GSM,False,44594,9401,427,1,-53,4,0
1611,25.310621666666663,51.51299000000001,0.0,0.0,1561287897553,6,GSM,False,43962,9401,427,1,-47,4,0
1612,25.311631666666667,51.51085,0.0,0.0,1561287904541,0,GSM,True,26232,9401,427,1,-3,4,0
1613,25.311631666666667,51.51085,0.0,0.0,1561287904541,1,GSM,False,22172,9401,427,1,-33,4,0
1614,25.311631666666667,51.51085,0.0,0.0,1561287904541,2,GSM,False,21293,9401,427,1,-35,4,0
1615,25.311631666666667,51.51085,0.0,0.0,1561287904541,3,GSM,False,43961,9401,427,1,-39,4,0
1616,25.311631666666667,51.51085,0.0,0.0,1561287904541,4,GSM,False,26233,9401,427,1,-43,4,0
1617,25.311631666666667,51.51085,0.0,0.0,1561287904541,5,GSM,False,21294,9401,427,1,-45,4,0
1618,25.311631666666667,51.51085,0.0,0.0,1561287904541,6,GSM,False,22952,9401,427,1,-45,4,0
1619,25.311631666666667,51.51085,0.0,0.0,1561287904541,7,GSM,True,19942,121,427,2,1,4,0
1620,25.311631666666667,51.51085,0.0,0.0,1561287904541,8,GSM,False,19913,121,427,2,-15,4,0
1621,25.311631666666667,51.51085,0.0,0.0,1561287904541,9,GSM,False,11383,121,427,2,-19,4,0
1622,25.311631666666667,51.51085,0.0,0.0,1561287904541,10,GSM,False,11371,121,427,2,-23,4,0
1623,25.311631666666667,51.51085,0.0,0.0,1561287904541,11,GSM,False,19911,121,427,2,-47,4,0
1624,25.311631666666667,51.51085,0.0,0.0,1561287904541,12,GSM,False,11382,121,427,2,-47,4,0
1625,25.311631666666667,51.51085,0.0,0.0,1561287904541,13,GSM,False,10771,161,427,2,-53,4,0
1626,25.311675,51.510720000000006,0.0,0.0,1561287904895,0,GSM,True,26232,9401,427,1,-3,4,0
1627,25.311675,51.510720000000006,0.0,0.0,1561287904895,1,GSM,False,22172,9401,427,1,-33,4,0
1628,25.311675,51.510720000000006,0.0,0.0,1561287904895,2,GSM,False,21293,9401,427,1,-35,4,0
1629,25.311675,51.510720000000006,0.0,0.0,1561287904895,3,GSM,False,43961,9401,427,1,-39,4,0
1630,25.311675,51.510720000000006,0.0,0.0,1561287904895,4,GSM,False,26233,9401,427,1,-43,4,0
1631,25.311675,51.510720000000006,0.0,0.0,1561287904895,5,GSM,False,21294,9401,427,1,-45,4,0
1632,25.311675,51.510720000000006,0.0,0.0,1561287904895,6,GSM,False,22952,9401,427,1,-45,4,0
1633,25.311675,51.510720000000006,0.0,0.0,1561287904895,7,GSM,True,19942,121,427,2,1,4,0
1634,25.311675,51.510720000000006,0.0,0.0,1561287904895,8,GSM,False,19913,121,427,2,-15,4,0
1635,25.311675,51.510720000000006,0.0,0.0,1561287904895,9,GSM,False,11383,121,427,2,-19,4,0
1636,25.311675,51.510720000000006,0.0,0.0,1561287904895,10,GSM,False,11371,121,427,2,-23,4,0
1637,25.311675,51.510720000000006,0.0,0.0,1561287904895,11,GSM,False,19911,121,427,2,-47,4,0
1638,25.311675,51.510720000000006,0.0,0.0,1561287904895,12,GSM,False,11382,121,427,2,-47,4,0
1639,25.311675,51.510720000000006,0.0,0.0,1561287904895,13,GSM,False,10771,161,427,2,-53,4,0
1640,25.311626666666665,51.510641666666665,0.0,0.0,1561287906483,0,GSM,True,26232,9401,427,1,-3,4,0
1641,25.311626666666665,51.510641666666665,0.0,0.0,1561287906483,1,GSM,False,22172,9401,427,1,-33,4,0
1642,25.311626666666665,51.510641666666665,0.0,0.0,1561287906483,2,GSM,False,21293,9401,427,1,-35,4,0
1643,25.311626666666665,51.510641666666665,0.0,0.0,1561287906483,3,GSM,False,43961,9401,427,1,-39,4,0
1644,25.311626666666665,51.510641666666665,0.0,0.0,1561287906483,4,GSM,False,26233,9401,427,1,-43,4,0
1645,25.311626666666665,51.510641666666665,0.0,0.0,1561287906483,5,GSM,False,21294,9401,427,1,-45,4,0
1646,25.311626666666665,51.510641666666665,0.0,0.0,1561287906483,6,GSM,False,22952,9401,427,1,-45,4,0
1647,25.311626666666665,51.510641666666665,0.0,0.0,1561287906483,7,GSM,True,19942,121,427,2,1,4,0
1648,25.311626666666665,51.510641666666665,0.0,0.0,1561287906483,8,GSM,False,19913,121,427,2,-15,4,0
1649,25.311626666666665,51.510641666666665,0.0,0.0,1561287906483,9,GSM,False,11383,121,427,2,-19,4,0
1650,25.311626666666665,51.510641666666665,0.0,0.0,1561287906483,10,GSM,False,11371,121,427,2,-23,4,0
1651,25.311626666666665,51.510641666666665,0.0,0.0,1561287906483,11,GSM,False,19911,121,427,2,-47,4,0
1652,25.311626666666665,51.510641666666665,0.0,0.0,1561287906483,12,GSM,False,11382,121,427,2,-47,4,0
1653,25.311626666666665,51.510641666666665,0.0,0.0,1561287906483,13,GSM,False,10771,161,427,2,-53,4,0
1654,25.311626666666665,51.510641666666665,0.0,0.0,1561287906724,4,GSM,False,43962,9401,427,1,-43,4,0
1655,25.311626666666665,51.510641666666665,0.0,0.0,1561287906724,13,GSM,False,12032,121,427,2,-55,4,0
1656,25.311626666666665,51.510641666666665,0.0,0.0,1561287908695,6,GSM,False,45071,9401,427,1,-55,4,0
1657,25.311626666666665,51.510641666666665,0.0,0.0,1561287908695,9,GSM,False,19993,121,427,2,-17,4,0
1658,25.311626666666665,51.510641666666665,0.0,0.0,1561287908695,11,GSM,False,19943,121,427,2,-39,4,0
1659,25.311626666666665,51.510641666666665,0.0,0.0,1561287912746,6,GSM,False,20801,9401,427,1,-59,4,0
1660,25.311626666666665,51.510641666666665,0.0,0.0,1561287916919,4,GSM,False,22173,9401,427,1,-41,4,0
1661,25.31296833333333,51.50779166666666,0.0,0.0,1561287920597,0,GSM,True,26232,9401,427,1,-29,4,0
1662,25.31296833333333,51.50779166666666,0.0,0.0,1561287920597,1,GSM,False,22172,9401,427,1,-23,4,0
1663,25.31296833333333,51.50779166666666,0.0,0.0,1561287920597,2,GSM,False,26233,9401,427,1,-25,4,0
1664,25.31296833333333,51.50779166666666,0.0,0.0,1561287920597,3,GSM,False,22952,9401,427,1,-35,4,0
1665,25.31296833333333,51.50779166666666,0.0,0.0,1561287920597,4,GSM,False,22173,9401,427,1,-41,4,0
1666,25.31296833333333,51.50779166666666,0.0,0.0,1561287920597,5,GSM,False,43961,9401,427,1,-47,4,0
1667,25.31296833333333,51.50779166666666,0.0,0.0,1561287920597,6,GSM,False,45071,9401,427,1,-51,4,0
1668,25.31296833333333,51.50779166666666,0.0,0.0,1561287920597,7,GSM,True,19942,121,427,2,-33,4,0
1669,25.31296833333333,51.50779166666666,0.0,0.0,1561287920597,8,GSM,False,19993,121,427,2,-15,4,0
1670,25.31296833333333,51.50779166666666,0.0,0.0,1561287920597,9,GSM,False,11383,121,427,2,-21,4,0
1671,25.31296833333333,51.50779166666666,0.0,0.0,1561287920597,10,GSM,False,11371,121,427,2,-31,4,0
1672,25.31296833333333,51.50779166666666,0.0,0.0,1561287920597,11,GSM,False,19943,121,427,2,-35,4,0
1673,25.31296833333333,51.50779166666666,0.0,0.0,1561287920597,12,GSM,False,10771,161,427,2,-45,4,0
1674,25.31296833333333,51.50779166666666,0.0,0.0,1561287920597,13,GSM,False,11382,121,427,2,-49,4,0
1675,25.313136666666665,51.50742666666667,0.0,0.0,1561287922575,0,GSM,True,26232,9401,427,1,-29,4,0
1676,25.313136666666665,51.50742666666667,0.0,0.0,1561287922575,1,GSM,False,22172,9401,427,1,-23,4,0
1677,25.313136666666665,51.50742666666667,0.0,0.0,1561287922575,2,GSM,False,26233,9401,427,1,-25,4,0
1678,25.313136666666665,51.50742666666667,0.0,0.0,1561287922575,3,GSM,False,22952,9401,427,1,-35,4,0
1679,25.313136666666665,51.50742666666667,0.0,0.0,1561287922575,4,GSM,False,22173,9401,427,1,-41,4,0
1680,25.313136666666665,51.50742666666667,0.0,0.0,1561287922575,5,GSM,False,43961,9401,427,1,-47,4,0
1681,25.313136666666665,51.50742666666667,0.0,0.0,1561287922575,6,GSM,False,45071,9401,427,1,-51,4,0
1682,25.313136666666665,51.50742666666667,0.0,0.0,1561287922575,7,GSM,True,19942,121,427,2,-33,4,0
1683,25.313136666666665,51.50742666666667,0.0,0.0,1561287922575,8,GSM,False,19993,121,427,2,-15,4,0
1684,25.313136666666665,51.50742666666667,0.0,0.0,1561287922575,9,GSM,False,11383,121,427,2,-21,4,0
1685,25.313136666666665,51.50742666666667,0.0,0.0,1561287922575,10,GSM,False,11371,121,427,2,-31,4,0
1686,25.313136666666665,51.50742666666667,0.0,0.0,1561287922575,11,GSM,False,19943,121,427,2,-35,4,0
1687,25.313136666666665,51.50742666666667,0.0,0.0,1561287922575,12,GSM,False,10771,161,427,2,-45,4,0
1688,25.313136666666665,51.50742666666667,0.0,0.0,1561287922575,13,GSM,False,11382,121,427,2,-49,4,0
1689,25.313136666666665,51.50742666666667,0.0,0.0,1561287923130,7,GSM,True,19941,121,427,2,-45,4,0
1690,25.313223333333333,51.50726666666666,0.0,0.0,1561287924425,0,GSM,True,26232,9401,427,1,-29,4,0
1691,25.313223333333333,51.50726666666666,0.0,0.0,1561287924425,1,GSM,False,22172,9401,427,1,-23,4,0
1692,25.313223333333333,51.50726666666666,0.0,0.0,1561287924425,2,GSM,False,26233,9401,427,1,-25,4,0
1693,25.313223333333333,51.50726666666666,0.0,0.0,1561287924425,3,GSM,False,22952,9401,427,1,-35,4,0
1694,25.313223333333333,51.50726666666666,0.0,0.0,1561287924425,4,GSM,False,22173,9401,427,1,-41,4,0
1695,25.313223333333333,51.50726666666666,0.0,0.0,1561287924425,5,GSM,False,43961,9401,427,1,-47,4,0
1696,25.313223333333333,51.50726666666666,0.0,0.0,1561287924425,6,GSM,False,45071,9401,427,1,-51,4,0
1697,25.313223333333333,51.50726666666666,0.0,0.0,1561287924425,7,GSM,True,19941,121,427,2,-45,4,0
1698,25.313223333333333,51.50726666666666,0.0,0.0,1561287924425,8,GSM,False,19993,121,427,2,-39,4,0
1699,25.313223333333333,51.50726666666666,0.0,0.0,1561287924425,9,GSM,False,19943,121,427,2,-43,4,0
1700,25.313223333333333,51.50726666666666,0.0,0.0,1561287924425,10,GSM,False,10771,161,427,2,-51,4,0
1701,25.313223333333333,51.50726666666666,0.0,0.0,1561287924425,11,GSM,False,11383,121,427,2,-51,4,0
1702,25.313223333333333,51.50726666666666,0.0,0.0,1561287924425,12,GSM,False,11382,121,427,2,-57,4,0
1703,25.313295,51.507065,0.0,0.0,1561287924587,0,GSM,True,26232,9401,427,1,-29,4,0
1704,25.313295,51.507065,0.0,0.0,1561287924587,1,GSM,False,22172,9401,427,1,-23,4,0
1705,25.313295,51.507065,0.0,0.0,1561287924587,2,GSM,False,26233,9401,427,1,-25,4,0
1706,25.313295,51.507065,0.0,0.0,1561287924587,3,GSM,False,22952,9401,427,1,-35,4,0
1707,25.313295,51.507065,0.0,0.0,1561287924587,4,GSM,False,22173,9401,427,1,-41,4,0
1708,25.313295,51.507065,0.0,0.0,1561287924587,5,GSM,False,43961,9401,427,1,-47,4,0
1709,25.313295,51.507065,0.0,0.0,1561287924587,6,GSM,False,45071,9401,427,1,-51,4,0
1710,25.313295,51.507065,0.0,0.0,1561287924587,7,GSM,True,19941,121,427,2,-45,4,0
1711,25.313295,51.507065,0.0,0.0,1561287924587,8,GSM,False,19993,121,427,2,-39,4,0
1712,25.313295,51.507065,0.0,0.0,1561287924587,9,GSM,False,19943,121,427,2,-43,4,0
1713,25.313295,51.507065,0.0,0.0,1561287924587,10,GSM,False,10771,161,427,2,-51,4,0
1714,25.313295,51.507065,0.0,0.0,1561287924587,11,GSM,False,11383,121,427,2,-51,4,0
1715,25.313295,51.507065,0.0,0.0,1561287924587,12,GSM,False,11382,121,427,2,-57,4,0
1716,25.313368333333333,51.50686,0.0,0.0,1561287926440,0,GSM,True,26232,9401,427,1,-29,4,0
1717,25.313368333333333,51.50686,0.0,0.0,1561287926440,1,GSM,False,22172,9401,427,1,-23,4,0
1718,25.313368333333333,51.50686,0.0,0.0,1561287926440,2,GSM,False,26233,9401,427,1,-25,4,0
1719,25.313368333333333,51.50686,0.0,0.0,1561287926440,3,GSM,False,22952,9401,427,1,-35,4,0
1720,25.313368333333333,51.50686,0.0,0.0,1561287926440,4,GSM,False,22173,9401,427,1,-41,4,0
1721,25.313368333333333,51.50686,0.0,0.0,1561287926440,5,GSM,False,43961,9401,427,1,-47,4,0
1722,25.313368333333333,51.50686,0.0,0.0,1561287926440,6,GSM,False,45071,9401,427,1,-51,4,0
1723,25.313368333333333,51.50686,0.0,0.0,1561287926440,7,GSM,True,19941,121,427,2,-45,4,0
1724,25.313368333333333,51.50686,0.0,0.0,1561287926440,8,GSM,False,19993,121,427,2,-39,4,0
1725,25.313368333333333,51.50686,0.0,0.0,1561287926440,9,GSM,False,19943,121,427,2,-43,4,0
1726,25.313368333333333,51.50686,0.0,0.0,1561287926440,10,GSM,False,10771,161,427,2,-51,4,0
1727,25.313368333333333,51.50686,0.0,0.0,1561287926440,11,GSM,False,11383,121,427,2,-51,4,0
1728,25.313368333333333,51.50686,0.0,0.0,1561287926440,12,GSM,False,11382,121,427,2,-57,4,0
1729,25.313448333333334,51.50667333333334,0.0,0.0,1561287926661,0,GSM,True,26232,9401,427,1,-29,4,0
1730,25.313448333333334,51.50667333333334,0.0,0.0,1561287926661,1,GSM,False,22172,9401,427,1,-23,4,0
1731,25.313448333333334,51.50667333333334,0.0,0.0,1561287926661,2,GSM,False,26233,9401,427,1,-25,4,0
1732,25.313448333333334,51.50667333333334,0.0,0.0,1561287926661,3,GSM,False,22952,9401,427,1,-35,4,0
1733,25.313448333333334,51.50667333333334,0.0,0.0,1561287926661,4,GSM,False,22173,9401,427,1,-41,4,0
1734,25.313448333333334,51.50667333333334,0.0,0.0,1561287926661,5,GSM,False,43961,9401,427,1,-47,4,0
1735,25.313448333333334,51.50667333333334,0.0,0.0,1561287926661,6,GSM,False,45071,9401,427,1,-51,4,0
1736,25.313448333333334,51.50667333333334,0.0,0.0,1561287926661,7,GSM,True,19941,121,427,2,-45,4,0
1737,25.313448333333334,51.50667333333334,0.0,0.0,1561287926661,8,GSM,False,19993,121,427,2,-39,4,0
1738,25.313448333333334,51.50667333333334,0.0,0.0,1561287926661,9,GSM,False,19943,121,427,2,-43,4,0
1739,25.313448333333334,51.50667333333334,0.0,0.0,1561287926661,10,GSM,False,10771,161,427,2,-51,4,0
1740,25.313448333333334,51.50667333333334,0.0,0.0,1561287926661,11,GSM,False,11383,121,427,2,-51,4,0
1741,25.313448333333334,51.50667333333334,0.0,0.0,1561287926661,12,GSM,False,11382,121,427,2,-57,4,0
1742,25.31351833333333,51.50644166666666,0.0,0.0,1561287928150,0,GSM,True,26232,9401,427,1,-29,4,0
1743,25.31351833333333,51.50644166666666,0.0,0.0,1561287928150,1,GSM,False,22172,9401,427,1,-23,4,0
1744,25.31351833333333,51.50644166666666,0.0,0.0,1561287928150,2,GSM,False,26233,9401,427,1,-25,4,0
1745,25.31351833333333,51.50644166666666,0.0,0.0,1561287928150,3,GSM,False,22952,9401,427,1,-35,4,0
1746,25.31351833333333,51.50644166666666,0.0,0.0,1561287928150,4,GSM,False,22173,9401,427,1,-41,4,0
1747,25.31351833333333,51.50644166666666,0.0,0.0,1561287928150,5,GSM,False,43961,9401,427,1,-47,4,0
1748,25.31351833333333,51.50644166666666,0.0,0.0,1561287928150,6,GSM,False,45071,9401,427,1,-51,4,0
1749,25.31351833333333,51.50644166666666,0.0,0.0,1561287928150,7,GSM,True,19941,121,427,2,-45,4,0
1750,25.31351833333333,51.50644166666666,0.0,0.0,1561287928150,8,GSM,False,10132,161,427,2,-39,4,0
1751,25.31351833333333,51.50644166666666,0.0,0.0,1561287928150,9,GSM,False,19943,121,427,2,-45,4,0
1752,25.31351833333333,51.50644166666666,0.0,0.0,1561287928150,10,GSM,False,19993,121,427,2,-45,4,0
1753,25.31351833333333,51.50644166666666,0.0,0.0,1561287928150,11,GSM,False,11382,121,427,2,-51,4,0
1754,25.31351833333333,51.50644166666666,0.0,0.0,1561287928150,12,GSM,False,11383,121,427,2,-53,4,0
1755,25.31351833333333,51.50644166666666,0.0,0.0,1561287930505,1,GSM,False,49491,9401,427,1,-39,4,0
1756,25.31351833333333,51.50644166666666,0.0,0.0,1561287930505,4,GSM,False,20801,9401,427,1,-49,4,0
1757,25.31351833333333,51.50644166666666,0.0,0.0,1561287930505,6,GSM,False,21294,9401,427,1,-61,4,0
1758,25.31351833333333,51.50644166666666,0.0,0.0,1561287930505,11,GSM,False,10082,120,427,2,-47,4,0
1759,25.31351833333333,51.50644166666666,0.0,0.0,1561287934565,1,GSM,False,22392,9402,427,1,-25,4,0
1760,25.31351833333333,51.50644166666666,0.0,0.0,1561287934565,5,GSM,False,24262,9401,427,1,-47,4,0
1761,25.31452833333333,51.50402999999999,0.0,0.0,1561287940907,0,GSM,True,26233,9401,427,1,-55,4,0
1762,25.31452833333333,51.50402999999999,0.0,0.0,1561287940907,1,GSM,False,22392,9402,427,1,-29,4,0
1763,25.31452833333333,51.50402999999999,0.0,0.0,1561287940907,2,GSM,False,20801,9401,427,1,-41,4,0
1764,25.31452833333333,51.50402999999999,0.0,0.0,1561287940907,3,GSM,False,26232,9401,427,1,-49,4,0
1765,25.31452833333333,51.50402999999999,0.0,0.0,1561287940907,4,GSM,False,22173,9401,427,1,-49,4,0
1766,25.31452833333333,51.50402999999999,0.0,0.0,1561287940907,5,GSM,False,24262,9401,427,1,-49,4,0
1767,25.31452833333333,51.50402999999999,0.0,0.0,1561287940907,6,GSM,False,21294,9401,427,1,-61,4,0
1768,25.31452833333333,51.50402999999999,0.0,0.0,1561287940907,7,GSM,True,19941,121,427,2,-51,4,0
1769,25.31452833333333,51.50402999999999,0.0,0.0,1561287940907,8,GSM,False,10132,161,427,2,-39,4,0
1770,25.31452833333333,51.50402999999999,0.0,0.0,1561287940907,9,GSM,False,19943,121,427,2,-45,4,0
1771,25.31452833333333,51.50402999999999,0.0,0.0,1561287940907,10,GSM,False,10082,120,427,2,-47,4,0
1772,25.31452833333333,51.50402999999999,0.0,0.0,1561287940907,11,GSM,False,19993,121,427,2,-49,4,0
1773,25.31452833333333,51.50402999999999,0.0,0.0,1561287940907,12,GSM,False,11383,121,427,2,-57,4,0
1774,25.31452833333333,51.50402999999999,0.0,0.0,1561287945196,1,GSM,False,22391,9402,427,1,-9,4,0
1775,25.31452833333333,51.50402999999999,0.0,0.0,1561287949544,8,GSM,False,11342,161,427,2,-53,4,0
1776,25.31452833333333,51.50402999999999,0.0,0.0,1561287949544,9,GSM,False,10971,161,427,2,-55,4,0
1777,25.315781666666663,51.50141833333334,0.0,0.0,1561287959082,0,GSM,True,49282,9402,427,1,-17,4,0
1778,25.315781666666663,51.50141833333334,0.0,0.0,1561287959082,1,GSM,True,19943,121,427,2,-69,4,0
1779,25.315781666666663,51.50141833333334,0.0,0.0,1561287959082,2,GSM,False,10132,161,427,2,-23,4,0
1780,25.315781666666663,51.50141833333334,0.0,0.0,1561287959082,3,GSM,False,11342,161,427,2,-57,4,0
1781,25.315781666666663,51.50141833333334,0.0,0.0,1561287959082,4,GSM,False,10971,161,427,2,-59,4,0
1782,25.315781666666663,51.50141833333334,0.0,0.0,1561287959082,5,GSM,False,19993,121,427,2,-63,4,0
1783,25.315781666666663,51.50141833333334,0.0,0.0,1561287959082,6,GSM,False,11383,121,427,2,-71,4,0
1784,25.31584833333333,51.50121833333333,0.0,0.0,1561287959916,0,GSM,True,49282,9402,427,1,-17,4,0
1785,25.31584833333333,51.50121833333333,0.0,0.0,1561287959916,1,GSM,True,19943,121,427,2,-69,4,0
1786,25.31584833333333,51.50121833333333,0.0,0.0,1561287959916,2,GSM,False,10132,161,427,2,-23,4,0
1787,25.31584833333333,51.50121833333333,0.0,0.0,1561287959916,3,GSM,False,11342,161,427,2,-57,4,0
1788,25.31584833333333,51.50121833333333,0.0,0.0,1561287959916,4,GSM,False,10971,161,427,2,-59,4,0
1789,25.31584833333333,51.50121833333333,0.0,0.0,1561287959916,5,GSM,False,19993,121,427,2,-63,4,0
1790,25.31584833333333,51.50121833333333,0.0,0.0,1561287959916,6,GSM,False,11383,121,427,2,-71,4,0
1791,25.315916666666663,51.50102,0.0,0.0,1561287961420,0,GSM,True,49282,9402,427,1,-17,4,0
1792,25.315916666666663,51.50102,0.0,0.0,1561287961420,1,GSM,True,19943,121,427,2,-69,4,0
1793,25.315916666666663,51.50102,0.0,0.0,1561287961420,2,GSM,False,10132,161,427,2,-23,4,0
1794,25.315916666666663,51.50102,0.0,0.0,1561287961420,3,GSM,False,11342,161,427,2,-57,4,0
1795,25.315916666666663,51.50102,0.0,0.0,1561287961420,4,GSM,False,10971,161,427,2,-59,4,0
1796,25.315916666666663,51.50102,0.0,0.0,1561287961420,5,GSM,False,19993,121,427,2,-63,4,0
1797,25.315916666666663,51.50102,0.0,0.0,1561287961420,6,GSM,False,11383,121,427,2,-71,4,0
1798,25.315916666666663,51.50102,0.0,0.0,1561287969604,2,GSM,False,10133,161,427,2,-31,4,0
1799,25.315916666666663,51.50102,0.0,0.0,1561287969604,3,GSM,False,10131,161,427,2,-43,4,0
1800,25.315916666666663,51.50102,0.0,0.0,1561287969604,4,GSM,False,10961,161,427,2,-59,4,0
1801,25.316771666666668,51.49900333333333,0.0,0.0,1561287972675,0,GSM,True,49282,9402,427,1,-11,4,0
1802,25.316771666666668,51.49900333333333,0.0,0.0,1561287972675,1,GSM,True,10132,161,427,2,-37,4,0
1803,25.316771666666668,51.49900333333333,0.0,0.0,1561287972675,2,GSM,False,10133,161,427,2,-31,4,0
1804,25.316771666666668,51.49900333333333,0.0,0.0,1561287972675,3,GSM,False,10131,161,427,2,-43,4,0
1805,25.316771666666668,51.49900333333333,0.0,0.0,1561287972675,4,GSM,False,10961,161,427,2,-59,4,0
1806,25.316771666666668,51.49900333333333,0.0,0.0,1561287977008,1,GSM,False,49281,9402,427,1,-31,4,0
1807,25.316771666666668,51.49900333333333,0.0,0.0,1561287977008,2,GSM,False,21631,9402,427,1,-41,4,0
1808,25.316771666666668,51.49900333333333,0.0,0.0,1561287977008,3,GSM,False,22393,9402,427,1,-43,4,0
1809,25.316771666666668,51.49900333333333,0.0,0.0,1561287977008,4,GSM,False,41222,9402,427,1,-49,4,0
1810,25.316771666666668,51.49900333333333,0.0,0.0,1561287977008,5,GSM,False,21661,9301,427,1,-53,4,0
1811,25.316771666666668,51.49900333333333,0.0,0.0,1561287983223,3,GSM,False,45931,9402,427,1,-43,4,0
1812,25.316771666666668,51.49900333333333,0.0,0.0,1561287983223,7,GSM,True,10042,161,427,2,-43,4,0
1813,25.31740333333333,51.497625,0.0,0.0,1561287985085,0,GSM,True,49282,9402,427,1,-1,4,0
1814,25.31740333333333,51.497625,0.0,0.0,1561287985085,1,GSM,False,49281,9402,427,1,-25,4,0
1815,25.31740333333333,51.497625,0.0,0.0,1561287985085,2,GSM,False,21631,9402,427,1,-31,4,0
1816,25.31740333333333,51.497625,0.0,0.0,1561287985085,3,GSM,False,45931,9402,427,1,-43,4,0
1817,25.31740333333333,51.497625,0.0,0.0,1561287985085,4,GSM,False,41222,9402,427,1,-45,4,0
1818,25.31740333333333,51.497625,0.0,0.0,1561287985085,5,GSM,False,22393,9402,427,1,-47,4,0
1819,25.31740333333333,51.497625,0.0,0.0,1561287985085,6,GSM,False,21661,9301,427,1,-61,4,0
1820,25.31740333333333,51.497625,0.0,0.0,1561287985085,7,GSM,True,10042,161,427,2,-43,4,0
1821,25.31740333333333,51.497625,0.0,0.0,1561287987498,8,GSM,False,10973,161,427,2,-47,4,0
1822,25.31740333333333,51.497625,0.0,0.0,1561287987498,9,GSM,False,16501,161,427,2,-57,4,0
1823,25.317666666666664,51.49745666666666,0.0,0.0,1561287996296,0,GSM,True,49282,9402,427,1,-19,4,0
1824,25.317666666666664,51.49745666666666,0.0,0.0,1561287996296,1,GSM,False,49281,9402,427,1,-39,4,0
1825,25.317666666666664,51.49745666666666,0.0,0.0,1561287996296,2,GSM,False,21631,9402,427,1,-43,4,0
1826,25.317666666666664,51.49745666666666,0.0,0.0,1561287996296,3,GSM,False,45931,9402,427,1,-49,4,0
1827,25.317666666666664,51.49745666666666,0.0,0.0,1561287996296,4,GSM,False,41222,9402,427,1,-53,4,0
1828,25.317666666666664,51.49745666666666,0.0,0.0,1561287996296,5,GSM,False,22393,9402,427,1,-53,4,0
1829,25.317666666666664,51.49745666666666,0.0,0.0,1561287996296,6,GSM,False,21661,9301,427,1,-65,4,0
1830,25.317666666666664,51.49745666666666,0.0,0.0,1561287996296,7,GSM,True,10973,161,427,2,-51,4,0
1831,25.31757333333333,51.49732000000001,0.0,0.0,1561287997148,0,GSM,True,49282,9402,427,1,-19,4,0
1832,25.31757333333333,51.49732000000001,0.0,0.0,1561287997148,1,GSM,False,49281,9402,427,1,-39,4,0
1833,25.31757333333333,51.49732000000001,0.0,0.0,1561287997148,2,GSM,False,21631,9402,427,1,-43,4,0
1834,25.31757333333333,51.49732000000001,0.0,0.0,1561287997148,3,GSM,False,45931,9402,427,1,-49,4,0
1835,25.31757333333333,51.49732000000001,0.0,0.0,1561287997148,4,GSM,False,41222,9402,427,1,-53,4,0
1836,25.31757333333333,51.49732000000001,0.0,0.0,1561287997148,5,GSM,False,22393,9402,427,1,-53,4,0
1837,25.31757333333333,51.49732000000001,0.0,0.0,1561287997148,6,GSM,False,21661,9301,427,1,-65,4,0
1838,25.31757333333333,51.49732000000001,0.0,0.0,1561287997148,7,GSM,True,10973,161,427,2,-51,4,0
1839,25.31755,51.49727833333333,0.0,0.0,1561287998960,0,GSM,True,49282,9402,427,1,-25,4,0
1840,25.31755,51.49727833333333,0.0,0.0,1561287998960,1,GSM,False,49281,9402,427,1,-41,4,0
1841,25.31755,51.49727833333333,0.0,0.0,1561287998960,2,GSM,False,21631,9402,427,1,-43,4,0
1842,25.31755,51.49727833333333,0.0,0.0,1561287998960,3,GSM,False,45931,9402,427,1,-55,4,0
1843,25.31755,51.49727833333333,0.0,0.0,1561287998960,4,GSM,False,41222,9402,427,1,-57,4,0
1844,25.31755,51.49727833333333,0.0,0.0,1561287998960,5,GSM,False,22393,9402,427,1,-59,4,0
1845,25.31755,51.49727833333333,0.0,0.0,1561287998960,6,GSM,False,21661,9301,427,1,-69,4,0
1846,25.31755,51.49727833333333,0.0,0.0,1561287998960,7,GSM,True,10973,161,427,2,-51,4,0
1847,25.31755,51.49727833333333,0.0,0.0,1561288001771,7,GSM,False,11342,161,427,2,-19,4,0
1848,25.31755,51.49727833333333,0.0,0.0,1561288001771,8,GSM,False,11341,161,427,2,-55,4,0
1849,25.31755,51.49727833333333,0.0,0.0,1561288001771,9,GSM,False,10983,161,427,2,-55,4,0
1850,25.317576666666664,51.497258333333335,0.0,0.0,1561288011376,0,GSM,True,49282,9402,427,1,-27,4,0
1851,25.317576666666664,51.497258333333335,0.0,0.0,1561288011376,1,GSM,False,21631,9402,427,1,-39,4,0
1852,25.317576666666664,51.497258333333335,0.0,0.0,1561288011376,2,GSM,False,49281,9402,427,1,-47,4,0
1853,25.317576666666664,51.497258333333335,0.0,0.0,1561288011376,3,GSM,False,45931,9402,427,1,-59,4,0
1854,25.317576666666664,51.497258333333335,0.0,0.0,1561288011376,4,GSM,False,41222,9402,427,1,-59,4,0
1855,25.317576666666664,51.497258333333335,0.0,0.0,1561288011376,5,GSM,False,21661,9301,427,1,-71,4,0
1856,25.317576666666664,51.497258333333335,0.0,0.0,1561288011376,6,GSM,True,10973,161,427,2,-59,4,0
1857,25.317576666666664,51.497258333333335,0.0,0.0,1561288011376,7,GSM,False,11342,161,427,2,-19,4,0
1858,25.317576666666664,51.497258333333335,0.0,0.0,1561288011376,8,GSM,False,11341,161,427,2,-55,4,0
1859,25.317576666666664,51.497258333333335,0.0,0.0,1561288011376,9,GSM,False,10983,161,427,2,-55,4,0
1860,25.317578333333337,51.49727500000001,0.0,0.0,1561288011922,0,GSM,True,49282,9402,427,1,-27,4,0
1861,25.317578333333337,51.49727500000001,0.0,0.0,1561288011922,1,GSM,False,21631,9402,427,1,-39,4,0
1862,25.317578333333337,51.49727500000001,0.0,0.0,1561288011922,2,GSM,False,49281,9402,427,1,-47,4,0
1863,25.317578333333337,51.49727500000001,0.0,0.0,1561288011922,3,GSM,False,45931,9402,427,1,-59,4,0
1864,25.317578333333337,51.49727500000001,0.0,0.0,1561288011922,4,GSM,False,41222,9402,427,1,-59,4,0
1865,25.317578333333337,51.49727500000001,0.0,0.0,1561288011922,5,GSM,False,21661,9301,427,1,-71,4,0
1866,25.317578333333337,51.49727500000001,0.0,0.0,1561288011922,6,GSM,True,10973,161,427,2,-59,4,0
1867,25.317578333333337,51.49727500000001,0.0,0.0,1561288011922,7,GSM,False,11342,161,427,2,-19,4,0
1868,25.317578333333337,51.49727500000001,0.0,0.0,1561288011922,8,GSM,False,11341,161,427,2,-55,4,0
1869,25.317578333333337,51.49727500000001,0.0,0.0,1561288011922,9,GSM,False,10983,161,427,2,-55,4,0
1870,25.31755,51.49724500000001,0.0,0.0,1561288017403,0,GSM,True,49282,9402,427,1,-31,4,0
1871,25.31755,51.49724500000001,0.0,0.0,1561288017403,1,GSM,False,21631,9402,427,1,-35,4,0
1872,25.31755,51.49724500000001,0.0,0.0,1561288017403,2,GSM,False,49281,9402,427,1,-41,4,0
1873,25.31755,51.49724500000001,0.0,0.0,1561288017403,3,GSM,False,41222,9402,427,1,-59,4,0
1874,25.31755,51.49724500000001,0.0,0.0,1561288017403,4,GSM,False,45931,9402,427,1,-61,4,0
1875,25.31755,51.49724500000001,0.0,0.0,1561288017403,5,GSM,True,11342,161,427,2,-37,4,0
1876,25.31755,51.49724500000001,0.0,0.0,1561288017403,6,GSM,False,10983,161,427,2,-51,4,0
1877,25.31755,51.49724500000001,0.0,0.0,1561288017403,7,GSM,False,10973,161,427,2,-59,4,0
1878,25.31755,51.49724500000001,0.0,0.0,1561288017403,8,GSM,False,11341,161,427,2,-61,4,0
1879,25.31755,51.49724500000001,0.0,0.0,1561288017403,9,GSM,False,10961,161,427,2,-67,4,0
1880,25.317551666666667,51.49712833333333,0.0,0.0,1561288031762,0,GSM,True,49282,9402,427,1,-31,4,0
1881,25.317551666666667,51.49712833333333,0.0,0.0,1561288031762,1,GSM,False,21631,9402,427,1,-37,4,0
1882,25.317551666666667,51.49712833333333,0.0,0.0,1561288031762,2,GSM,False,49281,9402,427,1,-47,4,0
1883,25.317551666666667,51.49712833333333,0.0,0.0,1561288031762,3,GSM,False,41222,9402,427,1,-59,4,0
1884,25.317551666666667,51.49712833333333,0.0,0.0,1561288031762,4,GSM,False,45931,9402,427,1,-63,4,0
1885,25.317551666666667,51.49712833333333,0.0,0.0,1561288031762,5,GSM,True,11342,161,427,2,-31,4,0
1886,25.317551666666667,51.49712833333333,0.0,0.0,1561288031762,6,GSM,False,10983,161,427,2,-51,4,0
1887,25.317551666666667,51.49712833333333,0.0,0.0,1561288031762,7,GSM,False,10973,161,427,2,-57,4,0
1888,25.317551666666667,51.49712833333333,0.0,0.0,1561288031762,8,GSM,False,11341,161,427,2,-61,4,0
1889,25.317551666666667,51.49712833333333,0.0,0.0,1561288031762,9,GSM,False,10961,161,427,2,-65,4,0
1890,25.31746,51.497035,0.0,0.0,1561288045910,0,GSM,True,49282,9402,427,1,-35,4,0
1891,25.31746,51.497035,0.0,0.0,1561288045910,1,GSM,False,49281,9402,427,1,-41,4,0
1892,25.31746,51.497035,0.0,0.0,1561288045910,2,GSM,False,21631,9402,427,1,-51,4,0
1893,25.31746,51.497035,0.0,0.0,1561288045910,3,GSM,False,45931,9402,427,1,-57,4,0
1894,25.31746,51.497035,0.0,0.0,1561288045910,4,GSM,False,41222,9402,427,1,-67,4,0
1895,25.31746,51.497035,0.0,0.0,1561288045910,5,GSM,True,11342,161,427,2,-21,4,0
1896,25.31746,51.497035,0.0,0.0,1561288045910,6,GSM,False,10961,161,427,2,-47,4,0
1897,25.31746,51.497035,0.0,0.0,1561288045910,7,GSM,False,10973,161,427,2,-53,4,0
1898,25.31746,51.497035,0.0,0.0,1561288045910,8,GSM,False,11341,161,427,2,-55,4,0
1899,25.31746,51.497035,0.0,0.0,1561288045910,9,GSM,False,10983,161,427,2,-65,4,0
1900,25.317473333333336,51.49713499999999,0.0,0.0,1561288060334,0,GSM,True,49282,9402,427,1,-23,4,0
1901,25.317473333333336,51.49713499999999,0.0,0.0,1561288060334,1,GSM,False,49281,9402,427,1,-37,4,0
1902,25.317473333333336,51.49713499999999,0.0,0.0,1561288060334,2,GSM,False,21631,9402,427,1,-55,4,0
1903,25.317473333333336,51.49713499999999,0.0,0.0,1561288060334,3,GSM,False,45931,9402,427,1,-63,4,0
1904,25.317473333333336,51.49713499999999,0.0,0.0,1561288060334,4,GSM,False,41222,9402,427,1,-67,4,0
1905,25.317473333333336,51.49713499999999,0.0,0.0,1561288060334,5,GSM,True,11342,161,427,2,-23,4,0
1906,25.317473333333336,51.49713499999999,0.0,0.0,1561288060334,6,GSM,False,10961,161,427,2,-49,4,0
1907,25.317473333333336,51.49713499999999,0.0,0.0,1561288060334,7,GSM,False,11341,161,427,2,-51,4,0
1908,25.317473333333336,51.49713499999999,0.0,0.0,1561288060334,8,GSM,False,10973,161,427,2,-55,4,0
1909,25.317473333333336,51.49713499999999,0.0,0.0,1561288060334,9,GSM,False,10983,161,427,2,-67,4,0
1910,25.31748333333333,51.49714666666667,0.0,0.0,1561288060796,0,GSM,True,49282,9402,427,1,-23,4,0
1911,25.31748333333333,51.49714666666667,0.0,0.0,1561288060796,1,GSM,False,49281,9402,427,1,-37,4,0
1912,25.31748333333333,51.49714666666667,0.0,0.0,1561288060796,2,GSM,False,21631,9402,427,1,-55,4,0
1913,25.31748333333333,51.49714666666667,0.0,0.0,1561288060796,3,GSM,False,45931,9402,427,1,-63,4,0
1914,25.31748333333333,51.49714666666667,0.0,0.0,1561288060796,4,GSM,False,41222,9402,427,1,-67,4,0
1915,25.31748333333333,51.49714666666667,0.0,0.0,1561288060796,5,GSM,True,11342,161,427,2,-23,4,0
1916,25.31748333333333,51.49714666666667,0.0,0.0,1561288060796,6,GSM,False,10961,161,427,2,-49,4,0
1917,25.31748333333333,51.49714666666667,0.0,0.0,1561288060796,7,GSM,False,11341,161,427,2,-51,4,0
1918,25.31748333333333,51.49714666666667,0.0,0.0,1561288060796,8,GSM,False,10973,161,427,2,-55,4,0
1919,25.31748333333333,51.49714666666667,0.0,0.0,1561288060796,9,GSM,False,10983,161,427,2,-67,4,0
1920,25.317500000000003,51.49716166666667,0.0,0.0,1561288062946,0,GSM,True,49282,9402,427,1,-23,4,0
1921,25.317500000000003,51.49716166666667,0.0,0.0,1561288062946,1,GSM,False,49281,9402,427,1,-37,4,0
1922,25.317500000000003,51.49716166666667,0.0,0.0,1561288062946,2,GSM,False,21631,9402,427,1,-55,4,0
1923,25.317500000000003,51.49716166666667,0.0,0.0,1561288062946,3,GSM,False,45931,9402,427,1,-63,4,0
1924,25.317500000000003,51.49716166666667,0.0,0.0,1561288062946,4,GSM,False,41222,9402,427,1,-67,4,0
1925,25.317500000000003,51.49716166666667,0.0,0.0,1561288062946,5,GSM,True,11342,161,427,2,-35,4,0
1926,25.317500000000003,51.49716166666667,0.0,0.0,1561288062946,6,GSM,False,10961,161,427,2,-49,4,0
1927,25.317500000000003,51.49716166666667,0.0,0.0,1561288062946,7,GSM,False,11341,161,427,2,-51,4,0
1928,25.317500000000003,51.49716166666667,0.0,0.0,1561288062946,8,GSM,False,10973,161,427,2,-55,4,0
1929,25.317500000000003,51.49716166666667,0.0,0.0,1561288062946,9,GSM,False,10983,161,427,2,-67,4,0
1930,25.317500000000003,51.49716166666667,0.0,0.0,1561288065806,10,GSM,False,18051,120,427,2,-81,4,0
1931,25.317496666666663,51.49713166666667,0.0,0.0,1561288074276,0,GSM,True,49282,9402,427,1,-19,4,0
1932,25.317496666666663,51.49713166666667,0.0,0.0,1561288074276,1,GSM,False,49281,9402,427,1,-33,4,0
1933,25.317496666666663,51.49713166666667,0.0,0.0,1561288074276,2,GSM,False,21631,9402,427,1,-43,4,0
1934,25.317496666666663,51.49713166666667,0.0,0.0,1561288074276,3,GSM,False,45931,9402,427,1,-61,4,0
1935,25.317496666666663,51.49713166666667,0.0,0.0,1561288074276,4,GSM,False,41222,9402,427,1,-69,4,0
1936,25.317496666666663,51.49713166666667,0.0,0.0,1561288074276,5,GSM,True,11342,161,427,2,-33,4,0
1937,25.317496666666663,51.49713166666667,0.0,0.0,1561288074276,6,GSM,False,10961,161,427,2,-59,4,0
1938,25.317496666666663,51.49713166666667,0.0,0.0,1561288074276,7,GSM,False,10973,161,427,2,-61,4,0
1939,25.317496666666663,51.49713166666667,0.0,0.0,1561288074276,8,GSM,False,11341,161,427,2,-63,4,0
1940,25.317496666666663,51.49713166666667,0.0,0.0,1561288074276,9,GSM,False,10983,161,427,2,-71,4,0
1941,25.317496666666663,51.49713166666667,0.0,0.0,1561288074276,10,GSM,False,18051,120,427,2,-79,4,0
1942,25.317605000000004,51.49709666666666,0.0,0.0,1561288085876,0,GSM,True,49282,9402,427,1,-21,4,0
1943,25.317605000000004,51.49709666666666,0.0,0.0,1561288085876,1,GSM,False,49281,9402,427,1,-33,4,0
1944,25.317605000000004,51.49709666666666,0.0,0.0,1561288085876,2,GSM,False,21631,9402,427,1,-43,4,0
1945,25.317605000000004,51.49709666666666,0.0,0.0,1561288085876,3,GSM,False,45931,9402,427,1,-61,4,0
1946,25.317605000000004,51.49709666666666,0.0,0.0,1561288085876,4,GSM,False,41222,9402,427,1,-71,4,0
1947,25.317605000000004,51.49709666666666,0.0,0.0,1561288085876,5,GSM,True,11342,161,427,2,-39,4,0
1948,25.317605000000004,51.49709666666666,0.0,0.0,1561288085876,6,GSM,False,10961,161,427,2,-59,4,0
1949,25.317605000000004,51.49709666666666,0.0,0.0,1561288085876,7,GSM,False,10973,161,427,2,-61,4,0
1950,25.317605000000004,51.49709666666666,0.0,0.0,1561288085876,8,GSM,False,10983,161,427,2,-65,4,0
1951,25.317605000000004,51.49709666666666,0.0,0.0,1561288085876,9,GSM,False,11341,161,427,2,-71,4,0
1952,25.317605000000004,51.49709666666666,0.0,0.0,1561288085876,10,GSM,False,18051,120,427,2,-81,4,0
1953,25.31761,51.49705833333334,0.0,0.0,1561288086357,0,GSM,True,49282,9402,427,1,-21,4,0
1954,25.31761,51.49705833333334,0.0,0.0,1561288086357,1,GSM,False,49281,9402,427,1,-33,4,0
1955,25.31761,51.49705833333334,0.0,0.0,1561288086357,2,GSM,False,21631,9402,427,1,-43,4,0
1956,25.31761,51.49705833333334,0.0,0.0,1561288086357,3,GSM,False,45931,9402,427,1,-61,4,0
1957,25.31761,51.49705833333334,0.0,0.0,1561288086357,4,GSM,False,41222,9402,427,1,-71,4,0
1958,25.31761,51.49705833333334,0.0,0.0,1561288086357,5,GSM,True,11342,161,427,2,-39,4,0
1959,25.31761,51.49705833333334,0.0,0.0,1561288086357,6,GSM,False,10961,161,427,2,-59,4,0
1960,25.31761,51.49705833333334,0.0,0.0,1561288086357,7,GSM,False,10973,161,427,2,-61,4,0
1961,25.31761,51.49705833333334,0.0,0.0,1561288086357,8,GSM,False,10983,161,427,2,-65,4,0
1962,25.31761,51.49705833333334,0.0,0.0,1561288086357,9,GSM,False,11341,161,427,2,-71,4,0
1963,25.31761,51.49705833333334,0.0,0.0,1561288086357,10,GSM,False,18051,120,427,2,-81,4,0
1964,25.317578333333337,51.49695,0.0,0.0,1561288088628,0,GSM,True,49282,9402,427,1,-23,4,0
1965,25.317578333333337,51.49695,0.0,0.0,1561288088628,1,GSM,False,49281,9402,427,1,-33,4,0
1966,25.317578333333337,51.49695,0.0,0.0,1561288088628,2,GSM,False,21631,9402,427,1,-43,4,0
1967,25.317578333333337,51.49695,0.0,0.0,1561288088628,3,GSM,False,45931,9402,427,1,-57,4,0
1968,25.317578333333337,51.49695,0.0,0.0,1561288088628,4,GSM,False,41222,9402,427,1,-69,4,0
1969,25.317578333333337,51.49695,0.0,0.0,1561288088628,5,GSM,True,11342,161,427,2,-33,4,0
1970,25.317578333333337,51.49695,0.0,0.0,1561288088628,6,GSM,False,10961,161,427,2,-59,4,0
1971,25.317578333333337,51.49695,0.0,0.0,1561288088628,7,GSM,False,10973,161,427,2,-61,4,0
1972,25.317578333333337,51.49695,0.0,0.0,1561288088628,8,GSM,False,10983,161,427,2,-65,4,0
1973,25.317578333333337,51.49695,0.0,0.0,1561288088628,9,GSM,False,11341,161,427,2,-71,4,0
1974,25.318501666666663,51.49516166666668,0.0,0.0,1561288105073,0,GSM,True,49282,9402,427,1,3,4,0
1975,25.318501666666663,51.49516166666668,0.0,0.0,1561288105073,1,GSM,False,49281,9402,427,1,-21,4,0
1976,25.318501666666663,51.49516166666668,0.0,0.0,1561288105073,2,GSM,False,21631,9402,427,1,-41,4,0
1977,25.318501666666663,51.49516166666668,0.0,0.0,1561288105073,3,GSM,False,45931,9402,427,1,-47,4,0
1978,25.318501666666663,51.49516166666668,0.0,0.0,1561288105073,4,GSM,False,41222,9402,427,1,-49,4,0
1979,25.318501666666663,51.49516166666668,0.0,0.0,1561288105073,5,GSM,True,11342,161,427,2,-23,4,0
1980,25.318501666666663,51.49516166666668,0.0,0.0,1561288105073,6,GSM,False,11341,161,427,2,-25,4,0
1981,25.318501666666663,51.49516166666668,0.0,0.0,1561288105073,7,GSM,False,10961,161,427,2,-55,4,0
1982,25.318501666666663,51.49516166666668,0.0,0.0,1561288105073,8,GSM,False,10983,161,427,2,-55,4,0
1983,25.318501666666663,51.49516166666668,0.0,0.0,1561288105073,9,GSM,False,10973,161,427,2,-61,4,0
1984,25.318501666666663,51.49516166666668,0.0,0.0,1561288108006,5,GSM,False,21661,9301,427,1,-63,4,0
1985,25.318501666666663,51.49516166666668,0.0,0.0,1561288108006,6,GSM,False,49283,9402,427,1,-67,4,0
1986,25.318501666666663,51.49516166666668,0.0,0.0,1561288108006,9,GSM,False,11343,161,427,2,-53,4,0
1987,25.318501666666663,51.49516166666668,0.0,0.0,1561288108006,10,GSM,False,10133,161,427,2,-53,4,0
1988,25.319945,51.49164166666666,0.0,0.0,1561288127544,0,GSM,True,49281,9402,427,1,-29,4,0
1989,25.319945,51.49164166666666,0.0,0.0,1561288127544,1,GSM,False,49283,9402,427,1,7,4,0
1990,25.319945,51.49164166666666,0.0,0.0,1561288127544,2,GSM,False,41222,9402,427,1,-29,4,0
1991,25.319945,51.49164166666666,0.0,0.0,1561288127544,3,GSM,False,45931,9402,427,1,-37,4,0
1992,25.319945,51.49164166666666,0.0,0.0,1561288127544,4,GSM,False,21631,9402,427,1,-47,4,0
1993,25.319945,51.49164166666666,0.0,0.0,1561288127544,5,GSM,False,21661,9301,427,1,-59,4,0
1994,25.319945,51.49164166666666,0.0,0.0,1561288127544,6,GSM,False,23543,9402,427,1,-65,4,0
1995,25.319945,51.49164166666666,0.0,0.0,1561288127544,7,GSM,True,11341,161,427,2,-33,4,0
1996,25.319945,51.49164166666666,0.0,0.0,1561288127544,8,GSM,False,10042,161,427,2,-39,4,0
1997,25.319945,51.49164166666666,0.0,0.0,1561288127544,9,GSM,False,16501,161,427,2,-43,4,0
1998,25.319945,51.49164166666666,0.0,0.0,1561288127544,10,GSM,False,10051,161,427,2,-49,4,0
1999,25.319945,51.49164166666666,0.0,0.0,1561288127544,11,GSM,False,11343,161,427,2,-51,4,0
2000,25.319945,51.49164166666666,0.0,0.0,1561288127544,12,GSM,False,11342,161,427,2,-51,4,0
2001,25.319945,51.49164166666666,0.0,0.0,1561288127544,13,GSM,False,11391,161,427,2,-55,4,0
2002,25.319945,51.49164166666666,0.0,0.0,1561288130449,4,GSM,False,21662,9301,427,1,-51,4,0
2003,25.319945,51.49164166666666,0.0,0.0,1561288130449,13,GSM,False,16502,161,427,2,-55,4,0
2004,25.321428333333333,51.48849833333334,0.0,0.0,1561288141821,0,GSM,True,49283,9402,427,1,-43,4,0
2005,25.321428333333333,51.48849833333334,0.0,0.0,1561288141821,1,GSM,False,41222,9402,427,1,-11,4,0
2006,25.321428333333333,51.48849833333334,0.0,0.0,1561288141821,2,GSM,False,21661,9301,427,1,-39,4,0
2007,25.321428333333333,51.48849833333334,0.0,0.0,1561288141821,3,GSM,False,21631,9402,427,1,-41,4,0
2008,25.321428333333333,51.48849833333334,0.0,0.0,1561288141821,4,GSM,False,21662,9301,427,1,-45,4,0
2009,25.321428333333333,51.48849833333334,0.0,0.0,1561288141821,5,GSM,False,45931,9402,427,1,-55,4,0
2010,25.321428333333333,51.48849833333334,0.0,0.0,1561288141821,6,GSM,False,23543,9402,427,1,-61,4,0
2011,25.321428333333333,51.48849833333334,0.0,0.0,1561288141821,7,GSM,True,11343,161,427,2,-43,4,0
2012,25.321428333333333,51.48849833333334,0.0,0.0,1561288141821,8,GSM,False,10042,161,427,2,-29,4,0
2013,25.321428333333333,51.48849833333334,0.0,0.0,1561288141821,9,GSM,False,11391,161,427,2,-35,4,0
2014,25.321428333333333,51.48849833333334,0.0,0.0,1561288141821,10,GSM,False,16502,161,427,2,-37,4,0
2015,25.321428333333333,51.48849833333334,0.0,0.0,1561288141821,11,GSM,False,10133,161,427,2,-51,4,0
2016,25.321428333333333,51.48849833333334,0.0,0.0,1561288141821,12,GSM,False,11342,161,427,2,-59,4,0
2017,25.321428333333333,51.48849833333334,0.0,0.0,1561288144177,1,GSM,False,21633,9402,427,1,-27,4,0
2018,25.321428333333333,51.48849833333334,0.0,0.0,1561288144177,2,GSM,False,25781,9402,427,1,-31,4,0
2019,25.321428333333333,51.48849833333334,0.0,0.0,1561288144177,10,GSM,False,10963,161,427,2,-47,4,0
2020,25.321428333333333,51.48849833333334,0.0,0.0,1561288144177,13,GSM,False,11341,161,427,2,-53,4,0
2021,25.321428333333333,51.48849833333334,0.0,0.0,1561288147199,4,GSM,False,25783,9402,427,1,-53,4,0
2022,25.321428333333333,51.48849833333334,0.0,0.0,1561288147199,11,GSM,False,10961,161,427,2,-53,4,0
2023,25.32185,51.48727999999999,0.0,0.0,1561288159835,0,GSM,True,41222,9402,427,1,1,4,0
2024,25.32185,51.48727999999999,0.0,0.0,1561288159835,1,GSM,False,25781,9402,427,1,-21,4,0
2025,25.32185,51.48727999999999,0.0,0.0,1561288159835,2,GSM,False,41221,9402,427,1,-29,4,0
2026,25.32185,51.48727999999999,0.0,0.0,1561288159835,3,GSM,False,21633,9402,427,1,-31,4,0
2027,25.32185,51.48727999999999,0.0,0.0,1561288159835,4,GSM,False,21662,9301,427,1,-41,4,0
2028,25.32185,51.48727999999999,0.0,0.0,1561288159835,5,GSM,False,25783,9402,427,1,-53,4,0
2029,25.32185,51.48727999999999,0.0,0.0,1561288159835,6,GSM,False,21631,9402,427,1,-53,4,0
2030,25.32185,51.48727999999999,0.0,0.0,1561288159835,7,GSM,True,11391,161,427,2,-31,4,0
2031,25.32185,51.48727999999999,0.0,0.0,1561288159835,8,GSM,False,10042,161,427,2,-31,4,0
2032,25.32185,51.48727999999999,0.0,0.0,1561288159835,9,GSM,False,11341,161,427,2,-53,4,0
2033,25.32185,51.48727999999999,0.0,0.0,1561288159835,10,GSM,False,10963,161,427,2,-59,4,0
2034,25.32185,51.48727999999999,0.0,0.0,1561288159835,11,GSM,False,16502,161,427,2,-63,4,0
2035,25.32185,51.48727999999999,0.0,0.0,1561288159835,12,GSM,False,10133,161,427,2,-63,4,0
2036,25.32185,51.48727999999999,0.0,0.0,1561288160077,4,GSM,False,41223,9402,427,1,-39,4,0
2037,25.32185,51.48727999999999,0.0,0.0,1561288163004,9,GSM,False,11343,161,427,2,-47,4,0
2038,25.321773333333333,51.48714333333334,0.0,0.0,1561288171898,0,GSM,True,41222,9402,427,1,-5,4,0
2039,25.321773333333333,51.48714333333334,0.0,0.0,1561288171898,1,GSM,False,21633,9402,427,1,-31,4,0
2040,25.321773333333333,51.48714333333334,0.0,0.0,1561288171898,2,GSM,False,41223,9402,427,1,-35,4,0
2041,25.321773333333333,51.48714333333334,0.0,0.0,1561288171898,3,GSM,False,25781,9402,427,1,-45,4,0
2042,25.321773333333333,51.48714333333334,0.0,0.0,1561288171898,4,GSM,False,41221,9402,427,1,-51,4,0
2043,25.321773333333333,51.48714333333334,0.0,0.0,1561288171898,5,GSM,False,45931,9402,427,1,-53,4,0
2044,25.321773333333333,51.48714333333334,0.0,0.0,1561288171898,6,GSM,False,21662,9301,427,1,-55,4,0
2045,25.321773333333333,51.48714333333334,0.0,0.0,1561288171898,7,GSM,True,11391,161,427,2,-49,4,0
2046,25.321773333333333,51.48714333333334,0.0,0.0,1561288171898,8,GSM,False,10042,161,427,2,-41,4,0
2047,25.321773333333333,51.48714333333334,0.0,0.0,1561288171898,9,GSM,False,11343,161,427,2,-51,4,0
2048,25.321773333333333,51.48714333333334,0.0,0.0,1561288171898,10,GSM,False,11341,161,427,2,-57,4,0
2049,25.321773333333333,51.48714333333334,0.0,0.0,1561288171898,11,GSM,False,10963,161,427,2,-61,4,0
2050,25.321773333333333,51.48714333333334,0.0,0.0,1561288171898,12,GSM,False,10133,161,427,2,-63,4,0
2051,25.321773333333333,51.48714333333334,0.0,0.0,1561288171898,13,GSM,False,16502,161,427,2,-65,4,0
2052,25.321838333333336,51.48727833333334,0.0,0.0,1561288173968,0,GSM,True,41222,9402,427,1,-7,4,0
2053,25.321838333333336,51.48727833333334,0.0,0.0,1561288173968,1,GSM,False,21633,9402,427,1,-25,4,0
2054,25.321838333333336,51.48727833333334,0.0,0.0,1561288173968,2,GSM,False,41223,9402,427,1,-33,4,0
2055,25.321838333333336,51.48727833333334,0.0,0.0,1561288173968,3,GSM,False,25781,9402,427,1,-51,4,0
2056,25.321838333333336,51.48727833333334,0.0,0.0,1561288173968,4,GSM,False,41221,9402,427,1,-53,4,0
2057,25.321838333333336,51.48727833333334,0.0,0.0,1561288173968,5,GSM,False,25782,9402,427,1,-59,4,0
2058,25.321838333333336,51.48727833333334,0.0,0.0,1561288173968,6,GSM,False,20452,9301,427,1,-59,4,0
2059,25.321838333333336,51.48727833333334,0.0,0.0,1561288173968,7,GSM,True,11343,161,427,2,-55,4,0
2060,25.321838333333336,51.48727833333334,0.0,0.0,1561288173968,8,GSM,False,10042,161,427,2,-61,4,0
2061,25.321838333333336,51.48727833333334,0.0,0.0,1561288173968,9,GSM,False,11341,161,427,2,-61,4,0
2062,25.321838333333336,51.48727833333334,0.0,0.0,1561288173968,10,GSM,False,10963,161,427,2,-63,4,0
2063,25.321838333333336,51.48727833333334,0.0,0.0,1561288173968,11,GSM,False,16502,161,427,2,-73,4,0
2064,25.321838333333336,51.48727833333334,0.0,0.0,1561288177001,5,GSM,False,41551,9402,427,1,-57,4,0
2065,25.321838333333336,51.48727833333334,0.0,0.0,1561288177001,8,GSM,False,11391,161,427,2,-57,4,0
2066,25.321838333333336,51.48727833333334,0.0,0.0,1561288177001,12,GSM,False,10961,161,427,2,-65,4,0
2067,25.321838333333336,51.48727833333334,0.0,0.0,1561288177001,13,GSM,False,11401,161,427,2,-69,4,0
2068,25.32186,51.48727999999999,0.0,0.0,1561288186512,0,GSM,True,41222,9402,427,1,3,4,0
2069,25.32186,51.48727999999999,0.0,0.0,1561288186512,1,GSM,False,21633,9402,427,1,-27,4,0
2070,25.32186,51.48727999999999,0.0,0.0,1561288186512,2,GSM,False,41223,9402,427,1,-35,4,0
2071,25.32186,51.48727999999999,0.0,0.0,1561288186512,3,GSM,False,41221,9402,427,1,-47,4,0
2072,25.32186,51.48727999999999,0.0,0.0,1561288186512,4,GSM,False,25781,9402,427,1,-55,4,0
2073,25.32186,51.48727999999999,0.0,0.0,1561288186512,5,GSM,False,23543,9402,427,1,-61,4,0
2074,25.32186,51.48727999999999,0.0,0.0,1561288186512,6,GSM,False,21662,9301,427,1,-61,4,0
2075,25.32186,51.48727999999999,0.0,0.0,1561288186512,7,GSM,True,11343,161,427,2,-43,4,0
2076,25.32186,51.48727999999999,0.0,0.0,1561288186512,8,GSM,False,10042,161,427,2,-55,4,0
2077,25.32186,51.48727999999999,0.0,0.0,1561288186512,9,GSM,False,11391,161,427,2,-55,4,0
2078,25.32186,51.48727999999999,0.0,0.0,1561288186512,10,GSM,False,11341,161,427,2,-59,4,0
2079,25.32186,51.48727999999999,0.0,0.0,1561288186512,11,GSM,False,10961,161,427,2,-69,4,0
2080,25.32186,51.48727999999999,0.0,0.0,1561288186512,12,GSM,False,11401,161,427,2,-69,4,0
2081,25.32186,51.48727999999999,0.0,0.0,1561288186512,13,GSM,False,10963,161,427,2,-69,4,0
2082,25.32187833333333,51.48726666666666,0.0,0.0,1561288186930,0,GSM,True,41222,9402,427,1,3,4,0
2083,25.32187833333333,51.48726666666666,0.0,0.0,1561288186930,1,GSM,False,21633,9402,427,1,-27,4,0
2084,25.32187833333333,51.48726666666666,0.0,0.0,1561288186930,2,GSM,False,41223,9402,427,1,-35,4,0
2085,25.32187833333333,51.48726666666666,0.0,0.0,1561288186930,3,GSM,False,41221,9402,427,1,-47,4,0
2086,25.32187833333333,51.48726666666666,0.0,0.0,1561288186930,4,GSM,False,25781,9402,427,1,-55,4,0
2087,25.32187833333333,51.48726666666666,0.0,0.0,1561288186930,5,GSM,False,23543,9402,427,1,-61,4,0
2088,25.32187833333333,51.48726666666666,0.0,0.0,1561288186930,6,GSM,False,21662,9301,427,1,-61,4,0
2089,25.32187833333333,51.48726666666666,0.0,0.0,1561288186930,7,GSM,True,11343,161,427,2,-43,4,0
2090,25.32187833333333,51.48726666666666,0.0,0.0,1561288186930,8,GSM,False,10042,161,427,2,-55,4,0
2091,25.32187833333333,51.48726666666666,0.0,0.0,1561288186930,9,GSM,False,11391,161,427,2,-55,4,0
2092,25.32187833333333,51.48726666666666,0.0,0.0,1561288186930,10,GSM,False,11341,161,427,2,-59,4,0
2093,25.32187833333333,51.48726666666666,0.0,0.0,1561288186930,11,GSM,False,10961,161,427,2,-69,4,0
2094,25.32187833333333,51.48726666666666,0.0,0.0,1561288186930,12,GSM,False,11401,161,427,2,-69,4,0
2095,25.32187833333333,51.48726666666666,0.0,0.0,1561288186930,13,GSM,False,10963,161,427,2,-69,4,0
2096,25.321866666666665,51.48727333333333,0.0,0.0,1561288188140,0,GSM,True,41222,9402,427,1,3,4,0
2097,25.321866666666665,51.48727333333333,0.0,0.0,1561288188140,1,GSM,False,21633,9402,427,1,-27,4,0
2098,25.321866666666665,51.48727333333333,0.0,0.0,1561288188140,2,GSM,False,41223,9402,427,1,-35,4,0
2099,25.321866666666665,51.48727333333333,0.0,0.0,1561288188140,3,GSM,False,41221,9402,427,1,-47,4,0
2100,25.321866666666665,51.48727333333333,0.0,0.0,1561288188140,4,GSM,False,25781,9402,427,1,-55,4,0
2101,25.321866666666665,51.48727333333333,0.0,0.0,1561288188140,5,GSM,False,23543,9402,427,1,-61,4,0
2102,25.321866666666665,51.48727333333333,0.0,0.0,1561288188140,6,GSM,False,21662,9301,427,1,-61,4,0
2103,25.321866666666665,51.48727333333333,0.0,0.0,1561288188140,7,GSM,True,11343,161,427,2,-43,4,0
2104,25.321866666666665,51.48727333333333,0.0,0.0,1561288188140,8,GSM,False,10042,161,427,2,-55,4,0
2105,25.321866666666665,51.48727333333333,0.0,0.0,1561288188140,9,GSM,False,11391,161,427,2,-55,4,0
2106,25.321866666666665,51.48727333333333,0.0,0.0,1561288188140,10,GSM,False,11341,161,427,2,-59,4,0
2107,25.321866666666665,51.48727333333333,0.0,0.0,1561288188140,11,GSM,False,10961,161,427,2,-69,4,0
2108,25.321866666666665,51.48727333333333,0.0,0.0,1561288188140,12,GSM,False,11401,161,427,2,-69,4,0
2109,25.321866666666665,51.48727333333333,0.0,0.0,1561288188140,13,GSM,False,10963,161,427,2,-69,4,0
2110,25.32186,51.48727999999999,0.0,0.0,1561288190033,6,GSM,False,21631,9402,427,1,-59,4,0
2111,25.321806666666664,51.48723333333334,0.0,0.0,1561288199749,0,GSM,True,41222,9402,427,1,-1,4,0
2112,25.321806666666664,51.48723333333334,0.0,0.0,1561288199749,1,GSM,False,41223,9402,427,1,-27,4,0
2113,25.321806666666664,51.48723333333334,0.0,0.0,1561288199749,2,GSM,False,21633,9402,427,1,-29,4,0
2114,25.321806666666664,51.48723333333334,0.0,0.0,1561288199749,3,GSM,False,25781,9402,427,1,-43,4,0
2115,25.321806666666664,51.48723333333334,0.0,0.0,1561288199749,4,GSM,False,41221,9402,427,1,-45,4,0
2116,25.321806666666664,51.48723333333334,0.0,0.0,1561288199749,5,GSM,False,21662,9301,427,1,-57,4,0
2117,25.321806666666664,51.48723333333334,0.0,0.0,1561288199749,6,GSM,False,21631,9402,427,1,-59,4,0
2118,25.321806666666664,51.48723333333334,0.0,0.0,1561288199749,7,GSM,True,11343,161,427,2,-47,4,0
2119,25.321806666666664,51.48723333333334,0.0,0.0,1561288199749,8,GSM,False,11391,161,427,2,-49,4,0
2120,25.321806666666664,51.48723333333334,0.0,0.0,1561288199749,9,GSM,False,10042,161,427,2,-61,4,0
2121,25.321806666666664,51.48723333333334,0.0,0.0,1561288199749,10,GSM,False,11341,161,427,2,-63,4,0
2122,25.321806666666664,51.48723333333334,0.0,0.0,1561288199749,11,GSM,False,10961,161,427,2,-67,4,0
2123,25.321806666666664,51.48723333333334,0.0,0.0,1561288199749,12,GSM,False,10963,161,427,2,-69,4,0
2124,25.321806666666664,51.48723333333334,0.0,0.0,1561288199749,13,GSM,False,11401,161,427,2,-71,4,0
2125,25.321806666666664,51.48723333333334,0.0,0.0,1561288205628,9,GSM,False,18392,120,427,2,-55,4,0
2126,25.321806666666664,51.48723333333334,0.0,0.0,1561288208691,6,GSM,False,25783,9402,427,1,-57,4,0
2127,25.321806666666664,51.48723333333334,0.0,0.0,1561288208691,13,GSM,False,10983,161,427,2,-63,4,0
2128,25.321880000000004,51.48718833333334,0.0,0.0,1561288211989,0,GSM,True,41222,9402,427,1,-11,4,0
2129,25.321880000000004,51.48718833333334,0.0,0.0,1561288211989,1,GSM,False,21633,9402,427,1,-29,4,0
2130,25.321880000000004,51.48718833333334,0.0,0.0,1561288211989,2,GSM,False,41223,9402,427,1,-29,4,0
2131,25.321880000000004,51.48718833333334,0.0,0.0,1561288211989,3,GSM,False,25781,9402,427,1,-43,4,0
2132,25.321880000000004,51.48718833333334,0.0,0.0,1561288211989,4,GSM,False,41221,9402,427,1,-45,4,0
2133,25.321880000000004,51.48718833333334,0.0,0.0,1561288211989,5,GSM,False,21631,9402,427,1,-57,4,0
2134,25.321880000000004,51.48718833333334,0.0,0.0,1561288211989,6,GSM,False,25783,9402,427,1,-57,4,0
2135,25.321880000000004,51.48718833333334,0.0,0.0,1561288211989,7,GSM,True,11343,161,427,2,-43,4,0
2136,25.321880000000004,51.48718833333334,0.0,0.0,1561288211989,8,GSM,False,11391,161,427,2,-43,4,0
2137,25.321880000000004,51.48718833333334,0.0,0.0,1561288211989,9,GSM,False,10042,161,427,2,-51,4,0
2138,25.321880000000004,51.48718833333334,0.0,0.0,1561288211989,10,GSM,False,18392,120,427,2,-53,4,0
2139,25.321880000000004,51.48718833333334,0.0,0.0,1561288211989,11,GSM,False,10963,161,427,2,-61,4,0
2140,25.321880000000004,51.48718833333334,0.0,0.0,1561288211989,12,GSM,False,10983,161,427,2,-61,4,0
2141,25.321880000000004,51.48718833333334,0.0,0.0,1561288211989,13,GSM,False,11401,161,427,2,-63,4,0
2142,25.32197833333333,51.48741333333334,0.0,0.0,1561288224184,0,GSM,True,41222,9402,427,1,-11,4,0
2143,25.32197833333333,51.48741333333334,0.0,0.0,1561288224184,1,GSM,False,41223,9402,427,1,-29,4,0
2144,25.32197833333333,51.48741333333334,0.0,0.0,1561288224184,2,GSM,False,21633,9402,427,1,-29,4,0
2145,25.32197833333333,51.48741333333334,0.0,0.0,1561288224184,3,GSM,False,25781,9402,427,1,-41,4,0
2146,25.32197833333333,51.48741333333334,0.0,0.0,1561288224184,4,GSM,False,41221,9402,427,1,-43,4,0
2147,25.32197833333333,51.48741333333334,0.0,0.0,1561288224184,5,GSM,False,21631,9402,427,1,-57,4,0
2148,25.32197833333333,51.48741333333334,0.0,0.0,1561288224184,6,GSM,False,25783,9402,427,1,-59,4,0
2149,25.32197833333333,51.48741333333334,0.0,0.0,1561288224184,7,GSM,True,11343,161,427,2,-43,4,0
2150,25.32197833333333,51.48741333333334,0.0,0.0,1561288224184,8,GSM,False,11391,161,427,2,-41,4,0
2151,25.32197833333333,51.48741333333334,0.0,0.0,1561288224184,9,GSM,False,10042,161,427,2,-55,4,0
2152,25.32197833333333,51.48741333333334,0.0,0.0,1561288224184,10,GSM,False,18392,120,427,2,-55,4,0
2153,25.32197833333333,51.48741333333334,0.0,0.0,1561288224184,11,GSM,False,10983,161,427,2,-59,4,0
2154,25.32197833333333,51.48741333333334,0.0,0.0,1561288224184,12,GSM,False,10963,161,427,2,-61,4,0
2155,25.32197833333333,51.48741333333334,0.0,0.0,1561288224184,13,GSM,False,11401,161,427,2,-63,4,0
2156,25.321973333333336,51.48742000000001,0.0,0.0,1561288226097,0,GSM,True,41222,9402,427,1,-11,4,0
2157,25.321973333333336,51.48742000000001,0.0,0.0,1561288226097,1,GSM,False,41223,9402,427,1,-29,4,0
2158,25.321973333333336,51.48742000000001,0.0,0.0,1561288226097,2,GSM,False,21633,9402,427,1,-29,4,0
2159,25.321973333333336,51.48742000000001,0.0,0.0,1561288226097,3,GSM,False,25781,9402,427,1,-41,4,0
2160,25.321973333333336,51.48742000000001,0.0,0.0,1561288226097,4,GSM,False,41221,9402,427,1,-43,4,0
2161,25.321973333333336,51.48742000000001,0.0,0.0,1561288226097,5,GSM,False,21631,9402,427,1,-57,4,0
2162,25.321973333333336,51.48742000000001,0.0,0.0,1561288226097,6,GSM,False,25783,9402,427,1,-59,4,0
2163,25.321973333333336,51.48742000000001,0.0,0.0,1561288226097,7,GSM,True,11343,161,427,2,-43,4,0
2164,25.321973333333336,51.48742000000001,0.0,0.0,1561288226097,8,GSM,False,11391,161,427,2,-41,4,0
2165,25.321973333333336,51.48742000000001,0.0,0.0,1561288226097,9,GSM,False,10042,161,427,2,-55,4,0
2166,25.321973333333336,51.48742000000001,0.0,0.0,1561288226097,10,GSM,False,18392,120,427,2,-55,4,0
2167,25.321973333333336,51.48742000000001,0.0,0.0,1561288226097,11,GSM,False,10983,161,427,2,-59,4,0
2168,25.321973333333336,51.48742000000001,0.0,0.0,1561288226097,12,GSM,False,10963,161,427,2,-61,4,0
2169,25.321973333333336,51.48742000000001,0.0,0.0,1561288226097,13,GSM,False,11401,161,427,2,-63,4,0
2170,25.32182833333333,51.48727999999999,0.0,0.0,1561288240614,0,GSM,True,41222,9402,427,1,-11,4,0
2171,25.32182833333333,51.48727999999999,0.0,0.0,1561288240614,1,GSM,False,21633,9402,427,1,-29,4,0
2172,25.32182833333333,51.48727999999999,0.0,0.0,1561288240614,2,GSM,False,41223,9402,427,1,-29,4,0
2173,25.32182833333333,51.48727999999999,0.0,0.0,1561288240614,3,GSM,False,25781,9402,427,1,-41,4,0
2174,25.32182833333333,51.48727999999999,0.0,0.0,1561288240614,4,GSM,False,41221,9402,427,1,-45,4,0
2175,25.32182833333333,51.48727999999999,0.0,0.0,1561288240614,5,GSM,False,21631,9402,427,1,-57,4,0
2176,25.32182833333333,51.48727999999999,0.0,0.0,1561288240614,6,GSM,False,25783,9402,427,1,-57,4,0
2177,25.32182833333333,51.48727999999999,0.0,0.0,1561288240614,7,GSM,True,11343,161,427,2,-45,4,0
2178,25.32182833333333,51.48727999999999,0.0,0.0,1561288240614,8,GSM,False,11391,161,427,2,-39,4,0
2179,25.32182833333333,51.48727999999999,0.0,0.0,1561288240614,9,GSM,False,10042,161,427,2,-55,4,0
2180,25.32182833333333,51.48727999999999,0.0,0.0,1561288240614,10,GSM,False,18392,120,427,2,-55,4,0
2181,25.32182833333333,51.48727999999999,0.0,0.0,1561288240614,11,GSM,False,10983,161,427,2,-59,4,0
2182,25.32182833333333,51.48727999999999,0.0,0.0,1561288240614,12,GSM,False,10963,161,427,2,-59,4,0
2183,25.32182833333333,51.48727999999999,0.0,0.0,1561288240614,13,GSM,False,11401,161,427,2,-61,4,0
2184,25.321871666666667,51.48733666666667,0.0,0.0,1561288253918,0,GSM,True,41222,9402,427,1,-1,4,0
2185,25.321871666666667,51.48733666666667,0.0,0.0,1561288253918,1,GSM,False,41223,9402,427,1,-27,4,0
2186,25.321871666666667,51.48733666666667,0.0,0.0,1561288253918,2,GSM,False,21633,9402,427,1,-29,4,0
2187,25.321871666666667,51.48733666666667,0.0,0.0,1561288253918,3,GSM,False,25781,9402,427,1,-39,4,0
2188,25.321871666666667,51.48733666666667,0.0,0.0,1561288253918,4,GSM,False,41221,9402,427,1,-41,4,0
2189,25.321871666666667,51.48733666666667,0.0,0.0,1561288253918,5,GSM,False,21631,9402,427,1,-57,4,0
2190,25.321871666666667,51.48733666666667,0.0,0.0,1561288253918,6,GSM,False,25783,9402,427,1,-59,4,0
2191,25.321871666666667,51.48733666666667,0.0,0.0,1561288253918,7,GSM,True,11343,161,427,2,-43,4,0
2192,25.321871666666667,51.48733666666667,0.0,0.0,1561288253918,8,GSM,False,11391,161,427,2,-41,4,0
2193,25.321871666666667,51.48733666666667,0.0,0.0,1561288253918,9,GSM,False,18392,120,427,2,-55,4,0
2194,25.321871666666667,51.48733666666667,0.0,0.0,1561288253918,10,GSM,False,10042,161,427,2,-55,4,0
2195,25.321871666666667,51.48733666666667,0.0,0.0,1561288253918,11,GSM,False,10983,161,427,2,-59,4,0
2196,25.321871666666667,51.48733666666667,0.0,0.0,1561288253918,12,GSM,False,10963,161,427,2,-59,4,0
2197,25.321871666666667,51.48733666666667,0.0,0.0,1561288253918,13,GSM,False,11401,161,427,2,-63,4,0
2198,25.32182,51.48725,0.0,0.0,1561288264574,0,GSM,True,41222,9402,427,1,-3,4,0
2199,25.32182,51.48725,0.0,0.0,1561288264574,1,GSM,False,41223,9402,427,1,-27,4,0
2200,25.32182,51.48725,0.0,0.0,1561288264574,2,GSM,False,21633,9402,427,1,-29,4,0
2201,25.32182,51.48725,0.0,0.0,1561288264574,3,GSM,False,25781,9402,427,1,-39,4,0
2202,25.32182,51.48725,0.0,0.0,1561288264574,4,GSM,False,41221,9402,427,1,-41,4,0
2203,25.32182,51.48725,0.0,0.0,1561288264574,5,GSM,False,25783,9402,427,1,-59,4,0
2204,25.32182,51.48725,0.0,0.0,1561288264574,6,GSM,False,21631,9402,427,1,-59,4,0
2205,25.32182,51.48725,0.0,0.0,1561288264574,7,GSM,True,11343,161,427,2,-41,4,0
2206,25.32182,51.48725,0.0,0.0,1561288264574,8,GSM,False,11391,161,427,2,-45,4,0
2207,25.32182,51.48725,0.0,0.0,1561288264574,9,GSM,False,18392,120,427,2,-53,4,0
2208,25.32182,51.48725,0.0,0.0,1561288264574,10,GSM,False,10042,161,427,2,-53,4,0
2209,25.32182,51.48725,0.0,0.0,1561288264574,11,GSM,False,10983,161,427,2,-59,4,0
2210,25.32182,51.48725,0.0,0.0,1561288264574,12,GSM,False,10963,161,427,2,-61,4,0
2211,25.32182,51.48725,0.0,0.0,1561288264574,13,GSM,False,11401,161,427,2,-63,4,0
2212,25.32184666666667,51.48726666666666,0.0,0.0,1561288277806,0,GSM,True,41222,9402,427,1,-1,4,0
2213,25.32184666666667,51.48726666666666,0.0,0.0,1561288277806,1,GSM,False,41223,9402,427,1,-27,4,0
2214,25.32184666666667,51.48726666666666,0.0,0.0,1561288277806,2,GSM,False,21633,9402,427,1,-29,4,0
2215,25.32184666666667,51.48726666666666,0.0,0.0,1561288277806,3,GSM,False,25781,9402,427,1,-37,4,0
2216,25.32184666666667,51.48726666666666,0.0,0.0,1561288277806,4,GSM,False,41221,9402,427,1,-41,4,0
2217,25.32184666666667,51.48726666666666,0.0,0.0,1561288277806,5,GSM,False,25783,9402,427,1,-57,4,0
2218,25.32184666666667,51.48726666666666,0.0,0.0,1561288277806,6,GSM,False,21631,9402,427,1,-57,4,0
2219,25.32184666666667,51.48726666666666,0.0,0.0,1561288277806,7,GSM,True,11343,161,427,2,-41,4,0
2220,25.32184666666667,51.48726666666666,0.0,0.0,1561288277806,8,GSM,False,11391,161,427,2,-47,4,0
2221,25.32184666666667,51.48726666666666,0.0,0.0,1561288277806,9,GSM,False,10042,161,427,2,-57,4,0
2222,25.32184666666667,51.48726666666666,0.0,0.0,1561288277806,10,GSM,False,18392,120,427,2,-57,4,0
2223,25.32184666666667,51.48726666666666,0.0,0.0,1561288277806,11,GSM,False,10963,161,427,2,-59,4,0
2224,25.32184666666667,51.48726666666666,0.0,0.0,1561288277806,12,GSM,False,10983,161,427,2,-61,4,0
2225,25.32184666666667,51.48726666666666,0.0,0.0,1561288277806,13,GSM,False,11401,161,427,2,-63,4,0
2226,25.32184666666667,51.48726666666666,0.0,0.0,1561288284586,10,GSM,False,16761,161,427,2,-57,4,0
2227,25.32186833333333,51.48723833333334,0.0,0.0,1561288288242,0,GSM,True,41222,9402,427,1,1,4,0
2228,25.32186833333333,51.48723833333334,0.0,0.0,1561288288242,1,GSM,False,41223,9402,427,1,-27,4,0
2229,25.32186833333333,51.48723833333334,0.0,0.0,1561288288242,2,GSM,False,21633,9402,427,1,-27,4,0
2230,25.32186833333333,51.48723833333334,0.0,0.0,1561288288242,3,GSM,False,25781,9402,427,1,-37,4,0
2231,25.32186833333333,51.48723833333334,0.0,0.0,1561288288242,4,GSM,False,41221,9402,427,1,-39,4,0
2232,25.32186833333333,51.48723833333334,0.0,0.0,1561288288242,5,GSM,False,25783,9402,427,1,-57,4,0
2233,25.32186833333333,51.48723833333334,0.0,0.0,1561288288242,6,GSM,False,21631,9402,427,1,-57,4,0
2234,25.32186833333333,51.48723833333334,0.0,0.0,1561288288242,7,GSM,True,11343,161,427,2,-41,4,0
2235,25.32186833333333,51.48723833333334,0.0,0.0,1561288288242,8,GSM,False,11391,161,427,2,-47,4,0
2236,25.32186833333333,51.48723833333334,0.0,0.0,1561288288242,9,GSM,False,18392,120,427,2,-55,4,0
2237,25.32186833333333,51.48723833333334,0.0,0.0,1561288288242,10,GSM,False,16761,161,427,2,-57,4,0
2238,25.32186833333333,51.48723833333334,0.0,0.0,1561288288242,11,GSM,False,10963,161,427,2,-59,4,0
2239,25.32186833333333,51.48723833333334,0.0,0.0,1561288288242,12,GSM,False,10983,161,427,2,-61,4,0
2240,25.32186833333333,51.48723833333334,0.0,0.0,1561288288242,13,GSM,False,11401,161,427,2,-65,4,0
2241,25.32184833333333,51.48729,0.0,0.0,1561288300612,0,GSM,True,41222,9402,427,1,1,4,0
2242,25.32184833333333,51.48729,0.0,0.0,1561288300612,1,GSM,False,41223,9402,427,1,-27,4,0
2243,25.32184833333333,51.48729,0.0,0.0,1561288300612,2,GSM,False,21633,9402,427,1,-27,4,0
2244,25.32184833333333,51.48729,0.0,0.0,1561288300612,3,GSM,False,25781,9402,427,1,-39,4,0
2245,25.32184833333333,51.48729,0.0,0.0,1561288300612,4,GSM,False,41221,9402,427,1,-41,4,0
2246,25.32184833333333,51.48729,0.0,0.0,1561288300612,5,GSM,False,25783,9402,427,1,-55,4,0
2247,25.32184833333333,51.48729,0.0,0.0,1561288300612,6,GSM,False,21631,9402,427,1,-59,4,0
2248,25.32184833333333,51.48729,0.0,0.0,1561288300612,7,GSM,True,11343,161,427,2,-41,4,0
2249,25.32184833333333,51.48729,0.0,0.0,1561288300612,8,GSM,False,11391,161,427,2,-45,4,0
2250,25.32184833333333,51.48729,0.0,0.0,1561288300612,9,GSM,False,16761,161,427,2,-51,4,0
2251,25.32184833333333,51.48729,0.0,0.0,1561288300612,10,GSM,False,18392,120,427,2,-55,4,0
2252,25.32184833333333,51.48729,0.0,0.0,1561288300612,11,GSM,False,10963,161,427,2,-59,4,0
2253,25.32184833333333,51.48729,0.0,0.0,1561288300612,12,GSM,False,10983,161,427,2,-61,4,0
2254,25.32184833333333,51.48729,0.0,0.0,1561288300612,13,GSM,False,11401,161,427,2,-65,4,0
2255,25.32184833333333,51.48729,0.0,0.0,1561288304337,9,GSM,False,10042,161,427,2,-49,4,0
2256,25.32193,51.486981666666665,0.0,0.0,1561288313969,0,GSM,True,41222,9402,427,1,7,4,0
2257,25.32193,51.486981666666665,0.0,0.0,1561288313969,1,GSM,False,21633,9402,427,1,-29,4,0
2258,25.32193,51.486981666666665,0.0,0.0,1561288313969,2,GSM,False,41223,9402,427,1,-35,4,0
2259,25.32193,51.486981666666665,0.0,0.0,1561288313969,3,GSM,False,25781,9402,427,1,-39,4,0
2260,25.32193,51.486981666666665,0.0,0.0,1561288313969,4,GSM,False,41221,9402,427,1,-47,4,0
2261,25.32193,51.486981666666665,0.0,0.0,1561288313969,5,GSM,False,25783,9402,427,1,-57,4,0
2262,25.32193,51.486981666666665,0.0,0.0,1561288313969,6,GSM,False,21631,9402,427,1,-61,4,0
2263,25.32193,51.486981666666665,0.0,0.0,1561288313969,7,GSM,True,11343,161,427,2,-47,4,0
2264,25.32193,51.486981666666665,0.0,0.0,1561288313969,8,GSM,False,11391,161,427,2,-47,4,0
2265,25.32193,51.486981666666665,0.0,0.0,1561288313969,9,GSM,False,10042,161,427,2,-47,4,0
2266,25.32193,51.486981666666665,0.0,0.0,1561288313969,10,GSM,False,18392,120,427,2,-55,4,0
2267,25.32193,51.486981666666665,0.0,0.0,1561288313969,11,GSM,False,10961,161,427,2,-61,4,0
2268,25.32193,51.486981666666665,0.0,0.0,1561288313969,12,GSM,False,10983,161,427,2,-63,4,0
2269,25.32193,51.486981666666665,0.0,0.0,1561288313969,13,GSM,False,10963,161,427,2,-65,4,0
2270,25.32193,51.486981666666665,0.0,0.0,1561288317709,5,GSM,False,21662,9301,427,1,-57,4,0
2271,25.32193,51.486981666666665,0.0,0.0,1561288317709,11,GSM,False,11341,161,427,2,-61,4,0
2272,25.32193,51.486981666666665,0.0,0.0,1561288324744,13,GSM,False,16502,161,427,2,-61,4,0
2273,25.322391666666665,51.485505,0.0,0.0,1561288324996,0,GSM,True,41222,9402,427,1,7,4,0
2274,25.322391666666665,51.485505,0.0,0.0,1561288324996,1,GSM,False,41223,9402,427,1,-5,4,0
2275,25.322391666666665,51.485505,0.0,0.0,1561288324996,2,GSM,False,21633,9402,427,1,-31,4,0
2276,25.322391666666665,51.485505,0.0,0.0,1561288324996,3,GSM,False,25781,9402,427,1,-35,4,0
2277,25.322391666666665,51.485505,0.0,0.0,1561288324996,4,GSM,False,21662,9301,427,1,-45,4,0
2278,25.322391666666665,51.485505,0.0,0.0,1561288324996,5,GSM,False,41221,9402,427,1,-47,4,0
2279,25.322391666666665,51.485505,0.0,0.0,1561288324996,6,GSM,False,25783,9402,427,1,-55,4,0
2280,25.322391666666665,51.485505,0.0,0.0,1561288324996,7,GSM,True,11343,161,427,2,-47,4,0
2281,25.322391666666665,51.485505,0.0,0.0,1561288324996,8,GSM,False,10042,161,427,2,-27,4,0
2282,25.322391666666665,51.485505,0.0,0.0,1561288324996,9,GSM,False,11391,161,427,2,-31,4,0
2283,25.322391666666665,51.485505,0.0,0.0,1561288324996,10,GSM,False,18392,120,427,2,-51,4,0
2284,25.322391666666665,51.485505,0.0,0.0,1561288324996,11,GSM,False,10963,161,427,2,-55,4,0
2285,25.322391666666665,51.485505,0.0,0.0,1561288324996,12,GSM,False,11341,161,427,2,-57,4,0
2286,25.322391666666665,51.485505,0.0,0.0,1561288324996,13,GSM,False,16502,161,427,2,-61,4,0
2287,25.322506666666666,51.48508,0.0,0.0,1561288328633,0,GSM,True,41222,9402,427,1,-5,4,0
2288,25.322506666666666,51.48508,0.0,0.0,1561288328633,1,GSM,False,41223,9402,427,1,-7,4,0
2289,25.322506666666666,51.48508,0.0,0.0,1561288328633,2,GSM,False,21633,9402,427,1,-27,4,0
2290,25.322506666666666,51.48508,0.0,0.0,1561288328633,3,GSM,False,25781,9402,427,1,-33,4,0
2291,25.322506666666666,51.48508,0.0,0.0,1561288328633,4,GSM,False,21662,9301,427,1,-33,4,0
2292,25.322506666666666,51.48508,0.0,0.0,1561288328633,5,GSM,False,41221,9402,427,1,-51,4,0
2293,25.322506666666666,51.48508,0.0,0.0,1561288328633,6,GSM,False,25783,9402,427,1,-51,4,0
2294,25.322506666666666,51.48508,0.0,0.0,1561288328633,7,GSM,True,11343,161,427,2,-45,4,0
2295,25.322506666666666,51.48508,0.0,0.0,1561288328633,8,GSM,False,10042,161,427,2,-15,4,0
2296,25.322506666666666,51.48508,0.0,0.0,1561288328633,9,GSM,False,11391,161,427,2,-37,4,0
2297,25.322506666666666,51.48508,0.0,0.0,1561288328633,10,GSM,False,10963,161,427,2,-53,4,0
2298,25.322506666666666,51.48508,0.0,0.0,1561288328633,11,GSM,False,11341,161,427,2,-57,4,0
2299,25.322506666666666,51.48508,0.0,0.0,1561288328633,12,GSM,False,18392,120,427,2,-57,4,0
2300,25.322506666666666,51.48508,0.0,0.0,1561288328633,13,GSM,False,16502,161,427,2,-59,4,0
2301,25.322506666666666,51.48508,0.0,0.0,1561288332058,6,GSM,False,41551,9402,427,1,-63,4,0
2302,25.322506666666666,51.48508,0.0,0.0,1561288338721,5,GSM,False,20452,9301,427,1,-61,4,0
2303,25.322506666666666,51.48508,0.0,0.0,1561288338721,6,GSM,False,25071,9301,427,1,-67,4,0
2304,25.322506666666666,51.48508,0.0,0.0,1561288338721,9,GSM,False,16782,161,427,2,-51,4,0
2305,25.322506666666666,51.48508,0.0,0.0,1561288338721,11,GSM,False,10043,161,427,2,-59,4,0
2306,25.322901666666667,51.48231333333333,0.0,0.0,1561288347849,0,GSM,True,41222,9402,427,1,-45,4,0
2307,25.322901666666667,51.48231333333333,0.0,0.0,1561288347849,1,GSM,False,21662,9301,427,1,-25,4,0
2308,25.322901666666667,51.48231333333333,0.0,0.0,1561288347849,2,GSM,False,41223,9402,427,1,-53,4,0
2309,25.322901666666667,51.48231333333333,0.0,0.0,1561288347849,3,GSM,False,23251,9301,427,1,-53,4,0
2310,25.322901666666667,51.48231333333333,0.0,0.0,1561288347849,4,GSM,False,41551,9402,427,1,-61,4,0
2311,25.322901666666667,51.48231333333333,0.0,0.0,1561288347849,5,GSM,False,20452,9301,427,1,-71,4,0
2312,25.322901666666667,51.48231333333333,0.0,0.0,1561288347849,6,GSM,False,25783,9402,427,1,-71,4,0
2313,25.322901666666667,51.48231333333333,0.0,0.0,1561288347849,7,GSM,True,10042,161,427,2,-9,4,0
2314,25.322901666666667,51.48231333333333,0.0,0.0,1561288347849,8,GSM,False,15672,161,427,2,-49,4,0
2315,25.322901666666667,51.48231333333333,0.0,0.0,1561288347849,9,GSM,False,16782,161,427,2,-53,4,0
2316,25.322901666666667,51.48231333333333,0.0,0.0,1561288347849,10,GSM,False,10041,161,427,2,-57,4,0
2317,25.322901666666667,51.48231333333333,0.0,0.0,1561288347849,11,GSM,False,10043,161,427,2,-57,4,0
2318,25.322901666666667,51.48231333333333,0.0,0.0,1561288347849,12,GSM,False,11391,161,427,2,-59,4,0
2319,25.322901666666667,51.48231333333333,0.0,0.0,1561288347849,13,GSM,False,16502,161,427,2,-61,4,0
2320,25.322901666666667,51.48231333333333,0.0,0.0,1561288354389,6,GSM,False,25071,9301,427,1,-75,4,0
2321,25.322901666666667,51.48231333333333,0.0,0.0,1561288354389,12,GSM,False,16783,161,427,2,-57,4,0
2322,25.322901666666667,51.47892,0.0,0.0,1561288357468,0,GSM,True,41222,9402,427,1,-47,4,0
2323,25.322901666666667,51.47892,0.0,0.0,1561288357468,1,GSM,False,21662,9301,427,1,-19,4,0
2324,25.322901666666667,51.47892,0.0,0.0,1561288357468,2,GSM,False,23251,9301,427,1,-49,4,0
2325,25.322901666666667,51.47892,0.0,0.0,1561288357468,3,GSM,False,41223,9402,427,1,-53,4,0
2326,25.322901666666667,51.47892,0.0,0.0,1561288357468,4,GSM,False,25783,9402,427,1,-65,4,0
2327,25.322901666666667,51.47892,0.0,0.0,1561288357468,5,GSM,False,20452,9301,427,1,-73,4,0
2328,25.322901666666667,51.47892,0.0,0.0,1561288357468,6,GSM,False,25071,9301,427,1,-75,4,0
2329,25.322901666666667,51.47892,0.0,0.0,1561288357468,7,GSM,True,10042,161,427,2,1,4,0
2330,25.322901666666667,51.47892,0.0,0.0,1561288357468,8,GSM,False,10043,161,427,2,-39,4,0
2331,25.322901666666667,51.47892,0.0,0.0,1561288357468,9,GSM,False,16782,161,427,2,-43,4,0
2332,25.322901666666667,51.47892,0.0,0.0,1561288357468,10,GSM,False,16783,161,427,2,-47,4,0
2333,25.322901666666667,51.47892,0.0,0.0,1561288357468,11,GSM,False,10041,161,427,2,-55,4,0
2334,25.322901666666667,51.47892,0.0,0.0,1561288357468,12,GSM,False,15672,161,427,2,-59,4,0
2335,25.322901666666667,51.47892,0.0,0.0,1561288357468,13,GSM,False,11341,161,427,2,-67,4,0
2336,25.322391666666665,51.47643166666667,0.0,0.0,1561288369823,0,GSM,True,21662,9301,427,1,-15,4,0
2337,25.322391666666665,51.47643166666667,0.0,0.0,1561288369823,1,GSM,True,10042,161,427,2,-23,4,0
2338,25.32225333333333,51.47573166666666,0.0,0.0,1561288373606,0,GSM,True,21662,9301,427,1,-35,4,0
2339,25.32225333333333,51.47573166666666,0.0,0.0,1561288373606,1,GSM,False,23251,9301,427,1,1,4,0
2340,25.32225333333333,51.47573166666666,0.0,0.0,1561288373606,2,GSM,False,23252,9301,427,1,-17,4,0
2341,25.32225333333333,51.47573166666666,0.0,0.0,1561288373606,3,GSM,False,29222,9301,427,1,-27,4,0
2342,25.32225333333333,51.47573166666666,0.0,0.0,1561288373606,4,GSM,False,25072,9301,427,1,-29,4,0
2343,25.32225333333333,51.47573166666666,0.0,0.0,1561288373606,5,GSM,True,10042,161,427,2,-43,4,0
2344,25.32225333333333,51.47573166666666,0.0,0.0,1561288373606,6,GSM,False,10043,161,427,2,-5,4,0
2345,25.32225333333333,51.47573166666666,0.0,0.0,1561288373606,7,GSM,False,15741,161,427,2,-11,4,0
2346,25.32225333333333,51.47573166666666,0.0,0.0,1561288373606,8,GSM,False,16783,161,427,2,-13,4,0
2347,25.32225333333333,51.47573166666666,0.0,0.0,1561288373606,9,GSM,False,16782,161,427,2,-21,4,0
2348,25.32225333333333,51.47573166666666,0.0,0.0,1561288380160,7,GSM,False,10041,161,427,2,-47,4,0
2349,25.32225333333333,51.47573166666666,0.0,0.0,1561288384395,7,GSM,False,15742,161,427,2,-37,4,0
2350,25.32225333333333,51.47573166666666,0.0,0.0,1561288384395,8,GSM,False,10052,161,427,2,-41,4,0
2351,25.32225333333333,51.47573166666666,0.0,0.0,1561288387943,4,GSM,False,23151,9301,427,1,-45,4,0
2352,25.321395,51.47246166666667,0.0,0.0,1561288389330,0,GSM,True,23251,9301,427,1,3,4,0
2353,25.321395,51.47246166666667,0.0,0.0,1561288389330,1,GSM,False,25072,9301,427,1,-13,4,0
2354,25.321395,51.47246166666667,0.0,0.0,1561288389330,2,GSM,False,23252,9301,427,1,-31,4,0
2355,25.321395,51.47246166666667,0.0,0.0,1561288389330,3,GSM,False,29222,9301,427,1,-41,4,0
2356,25.321395,51.47246166666667,0.0,0.0,1561288389330,4,GSM,False,23151,9301,427,1,-45,4,0
2357,25.321395,51.47246166666667,0.0,0.0,1561288389330,5,GSM,True,10043,161,427,2,-27,4,0
2358,25.321395,51.47246166666667,0.0,0.0,1561288389330,6,GSM,False,15741,161,427,2,-25,4,0
2359,25.321395,51.47246166666667,0.0,0.0,1561288389330,7,GSM,False,15742,161,427,2,-35,4,0
2360,25.321395,51.47246166666667,0.0,0.0,1561288389330,8,GSM,False,16783,161,427,2,-37,4,0
2361,25.321395,51.47246166666667,0.0,0.0,1561288389330,9,GSM,False,10052,161,427,2,-41,4,0
2362,25.321395,51.47246166666667,0.0,0.0,1561288389330,10,GSM,False,10041,161,427,2,-53,4,0
2363,25.321395,51.47246166666667,0.0,0.0,1561288389330,11,GSM,False,10042,161,427,2,-57,4,0
2364,25.320676666666667,51.469745,0.0,0.0,1561288403676,0,GSM,True,23251,9301,427,1,-39,4,0
2365,25.320676666666667,51.469745,0.0,0.0,1561288403676,1,GSM,False,23252,9301,427,1,-23,4,0
2366,25.320676666666667,51.469745,0.0,0.0,1561288403676,2,GSM,False,23151,9301,427,1,-57,4,0
2367,25.320676666666667,51.469745,0.0,0.0,1561288403676,3,GSM,False,22111,9301,427,1,-59,4,0
2368,25.320676666666667,51.469745,0.0,0.0,1561288403676,4,GSM,False,23253,9301,427,1,-59,4,0
2369,25.320676666666667,51.469745,0.0,0.0,1561288403676,5,GSM,False,25072,9301,427,1,-63,4,0
2370,25.320676666666667,51.469745,0.0,0.0,1561288403676,6,GSM,True,15742,161,427,2,-25,4,0
2371,25.320676666666667,51.469745,0.0,0.0,1561288403676,7,GSM,False,15743,161,427,2,-41,4,0
2372,25.320676666666667,51.469745,0.0,0.0,1561288403676,8,GSM,False,10043,161,427,2,-45,4,0
2373,25.320676666666667,51.469745,0.0,0.0,1561288403676,9,GSM,False,15741,161,427,2,-51,4,0
2374,25.320676666666667,51.469745,0.0,0.0,1561288403676,10,GSM,False,10052,161,427,2,-59,4,0
2375,25.320676666666667,51.469745,0.0,0.0,1561288403676,11,GSM,False,10941,150,427,2,-67,4,0
2376,25.32063,51.46954833333333,0.0,0.0,1561288404372,0,GSM,True,23251,9301,427,1,-39,4,0
2377,25.32063,51.46954833333333,0.0,0.0,1561288404372,1,GSM,False,23252,9301,427,1,-23,4,0
2378,25.32063,51.46954833333333,0.0,0.0,1561288404372,2,GSM,False,23151,9301,427,1,-57,4,0
2379,25.32063,51.46954833333333,0.0,0.0,1561288404372,3,GSM,False,22111,9301,427,1,-59,4,0
2380,25.32063,51.46954833333333,0.0,0.0,1561288404372,4,GSM,False,23253,9301,427,1,-59,4,0
2381,25.32063,51.46954833333333,0.0,0.0,1561288404372,5,GSM,False,25072,9301,427,1,-63,4,0
2382,25.32063,51.46954833333333,0.0,0.0,1561288404372,6,GSM,True,15742,161,427,2,-25,4,0
2383,25.32063,51.46954833333333,0.0,0.0,1561288404372,7,GSM,False,15743,161,427,2,-41,4,0
2384,25.32063,51.46954833333333,0.0,0.0,1561288404372,8,GSM,False,10043,161,427,2,-45,4,0
2385,25.32063,51.46954833333333,0.0,0.0,1561288404372,9,GSM,False,15741,161,427,2,-51,4,0
2386,25.32063,51.46954833333333,0.0,0.0,1561288404372,10,GSM,False,10052,161,427,2,-59,4,0
2387,25.32063,51.46954833333333,0.0,0.0,1561288404372,11,GSM,False,10941,150,427,2,-67,4,0
2388,25.320508333333336,51.468975,0.0,0.0,1561288407434,0,GSM,True,23251,9301,427,1,-39,4,0
2389,25.320508333333336,51.468975,0.0,0.0,1561288407434,1,GSM,False,23252,9301,427,1,-23,4,0
2390,25.320508333333336,51.468975,0.0,0.0,1561288407434,2,GSM,False,23151,9301,427,1,-57,4,0
2391,25.320508333333336,51.468975,0.0,0.0,1561288407434,3,GSM,False,22111,9301,427,1,-59,4,0
2392,25.320508333333336,51.468975,0.0,0.0,1561288407434,4,GSM,False,23253,9301,427,1,-59,4,0
2393,25.320508333333336,51.468975,0.0,0.0,1561288407434,5,GSM,False,25072,9301,427,1,-63,4,0
2394,25.320508333333336,51.468975,0.0,0.0,1561288407434,6,GSM,True,15742,161,427,2,-45,4,0
2395,25.320508333333336,51.468975,0.0,0.0,1561288407434,7,GSM,False,15743,161,427,2,-41,4,0
2396,25.320508333333336,51.468975,0.0,0.0,1561288407434,8,GSM,False,10043,161,427,2,-45,4,0
2397,25.320508333333336,51.468975,0.0,0.0,1561288407434,9,GSM,False,15741,161,427,2,-51,4,0
2398,25.320508333333336,51.468975,0.0,0.0,1561288407434,10,GSM,False,10052,161,427,2,-59,4,0
2399,25.320508333333336,51.468975,0.0,0.0,1561288407434,11,GSM,False,10941,150,427,2,-67,4,0
2400,25.320508333333336,51.468975,0.0,0.0,1561288407434,12,GSM,False,11271,150,427,2,-79,4,0
2401,25.320508333333336,51.468975,0.0,0.0,1561288418175,11,GSM,False,17601,161,427,2,-79,4,0
2402,25.320345,51.46704666666666,0.0,0.0,1561288418435,0,GSM,True,23252,9301,427,1,-33,4,0
2403,25.320345,51.46704666666666,0.0,0.0,1561288418435,1,GSM,False,23253,9301,427,1,-49,4,0
2404,25.320345,51.46704666666666,0.0,0.0,1561288418435,2,GSM,False,23151,9301,427,1,-63,4,0
2405,25.320345,51.46704666666666,0.0,0.0,1561288418435,3,GSM,False,22111,9301,427,1,-65,4,0
2406,25.320345,51.46704666666666,0.0,0.0,1561288418435,4,GSM,False,25072,9301,427,1,-65,4,0
2407,25.320345,51.46704666666666,0.0,0.0,1561288418435,5,GSM,True,15742,161,427,2,-33,4,0
2408,25.320345,51.46704666666666,0.0,0.0,1561288418435,6,GSM,False,15743,161,427,2,-45,4,0
2409,25.320345,51.46704666666666,0.0,0.0,1561288418435,7,GSM,False,10043,161,427,2,-47,4,0
2410,25.320345,51.46704666666666,0.0,0.0,1561288418435,8,GSM,False,15741,161,427,2,-63,4,0
2411,25.320345,51.46704666666666,0.0,0.0,1561288418435,9,GSM,False,10941,150,427,2,-67,4,0
2412,25.320345,51.46704666666666,0.0,0.0,1561288418435,10,GSM,False,10052,161,427,2,-69,4,0
2413,25.320345,51.46704666666666,0.0,0.0,1561288418435,11,GSM,False,17601,161,427,2,-79,4,0
2414,25.320298333333334,51.466545,0.0,0.0,1561288422109,0,GSM,True,23252,9301,427,1,-47,4,0
2415,25.320298333333334,51.466545,0.0,0.0,1561288422109,1,GSM,False,22113,9301,427,1,-37,4,0
2416,25.320298333333334,51.466545,0.0,0.0,1561288422109,2,GSM,False,23253,9301,427,1,-49,4,0
2417,25.320298333333334,51.466545,0.0,0.0,1561288422109,3,GSM,False,46681,9301,427,1,-57,4,0
2418,25.320298333333334,51.466545,0.0,0.0,1561288422109,4,GSM,False,22111,9301,427,1,-63,4,0
2419,25.320298333333334,51.466545,0.0,0.0,1561288422109,5,GSM,False,21233,9301,427,1,-65,4,0
2420,25.320298333333334,51.466545,0.0,0.0,1561288422109,6,GSM,False,25072,9301,427,1,-69,4,0
2421,25.320298333333334,51.466545,0.0,0.0,1561288422109,7,GSM,True,15742,161,427,2,-47,4,0
2422,25.320298333333334,51.466545,0.0,0.0,1561288422109,8,GSM,False,15743,161,427,2,-47,4,0
2423,25.320298333333334,51.466545,0.0,0.0,1561288422109,9,GSM,False,10043,161,427,2,-57,4,0
2424,25.320298333333334,51.466545,0.0,0.0,1561288422109,10,GSM,False,10941,150,427,2,-65,4,0
2425,25.320298333333334,51.466545,0.0,0.0,1561288422109,11,GSM,False,11281,150,427,2,-69,4,0
2426,25.320298333333334,51.466545,0.0,0.0,1561288422109,12,GSM,False,17601,161,427,2,-71,4,0
2427,25.320298333333334,51.466545,0.0,0.0,1561288422109,13,GSM,False,10052,161,427,2,-71,4,0
2428,25.320298333333334,51.466545,0.0,0.0,1561288426135,6,GSM,False,46682,9301,427,1,-65,4,0
2429,25.320298333333334,51.466545,0.0,0.0,1561288426135,10,GSM,False,11271,150,427,2,-63,4,0
2430,25.320298333333334,51.466545,0.0,0.0,1561288426135,13,GSM,False,17602,161,427,2,-67,4,0
2431,25.320241666666668,51.46406,0.0,0.0,1561288436104,0,GSM,True,22113,9301,427,1,-29,4,0
2432,25.320241666666668,51.46406,0.0,0.0,1561288436104,1,GSM,False,22111,9301,427,1,-39,4,0
2433,25.320241666666668,51.46406,0.0,0.0,1561288436104,2,GSM,False,46681,9301,427,1,-47,4,0
2434,25.320241666666668,51.46406,0.0,0.0,1561288436104,3,GSM,False,29581,9301,427,1,-51,4,0
2435,25.320241666666668,51.46406,0.0,0.0,1561288436104,4,GSM,False,21233,9301,427,1,-61,4,0
2436,25.320241666666668,51.46406,0.0,0.0,1561288436104,5,GSM,False,46682,9301,427,1,-61,4,0
2437,25.320241666666668,51.46406,0.0,0.0,1561288436104,6,GSM,False,25072,9301,427,1,-71,4,0
2438,25.320241666666668,51.46406,0.0,0.0,1561288436104,7,GSM,True,15742,161,427,2,-69,4,0
2439,25.320241666666668,51.46406,0.0,0.0,1561288436104,8,GSM,False,10941,150,427,2,-47,4,0
2440,25.320241666666668,51.46406,0.0,0.0,1561288436104,9,GSM,False,11271,150,427,2,-47,4,0
2441,25.320241666666668,51.46406,0.0,0.0,1561288436104,10,GSM,False,15743,161,427,2,-47,4,0
2442,25.320241666666668,51.46406,0.0,0.0,1561288436104,11,GSM,False,17602,161,427,2,-51,4,0
2443,25.320241666666668,51.46406,0.0,0.0,1561288436104,12,GSM,False,11273,150,427,2,-53,4,0
2444,25.320241666666668,51.46406,0.0,0.0,1561288436104,13,GSM,False,11281,150,427,2,-61,4,0
2445,25.32033,51.46342,0.0,0.0,1561288439361,0,GSM,True,22113,9301,427,1,-43,4,0
2446,25.32033,51.46342,0.0,0.0,1561288439361,1,GSM,False,22111,9301,427,1,-27,4,0
2447,25.32033,51.46342,0.0,0.0,1561288439361,2,GSM,False,46681,9301,427,1,-37,4,0
2448,25.32033,51.46342,0.0,0.0,1561288439361,3,GSM,False,49392,9301,427,1,-49,4,0
2449,25.32033,51.46342,0.0,0.0,1561288439361,4,GSM,False,23153,9301,427,1,-57,4,0
2450,25.32033,51.46342,0.0,0.0,1561288439361,5,GSM,False,29581,9301,427,1,-57,4,0
2451,25.32033,51.46342,0.0,0.0,1561288439361,6,GSM,False,46682,9301,427,1,-59,4,0
2452,25.32033,51.46342,0.0,0.0,1561288439361,7,GSM,True,10941,150,427,2,-33,4,0
2453,25.32055833333333,51.46120166666666,0.0,0.0,1561288455940,0,GSM,True,46681,9301,427,1,-49,4,0
2454,25.32055833333333,51.46120166666666,0.0,0.0,1561288455940,1,GSM,False,21222,9301,427,1,-13,4,0
2455,25.32055833333333,51.46120166666666,0.0,0.0,1561288455940,2,GSM,False,46683,9301,427,1,-39,4,0
2456,25.32055833333333,51.46120166666666,0.0,0.0,1561288455940,3,GSM,False,21223,9301,427,1,-45,4,0
2457,25.32055833333333,51.46120166666666,0.0,0.0,1561288455940,4,GSM,False,23253,9301,427,1,-51,4,0
2458,25.32055833333333,51.46120166666666,0.0,0.0,1561288455940,5,GSM,True,10941,150,427,2,-27,4,0
2459,25.32055833333333,51.46120166666666,0.0,0.0,1561288455940,6,GSM,False,17602,161,427,2,-21,4,0
2460,25.32055833333333,51.46120166666666,0.0,0.0,1561288455940,7,GSM,False,15743,161,427,2,-35,4,0
2461,25.32055833333333,51.46120166666666,0.0,0.0,1561288455940,8,GSM,False,17603,161,427,2,-47,4,0
2462,25.32055833333333,51.46120166666666,0.0,0.0,1561288455940,9,GSM,False,10931,150,427,2,-51,4,0
2463,25.32055833333333,51.46120166666666,0.0,0.0,1561288455940,10,GSM,False,10942,150,427,2,-53,4,0
2464,25.32055833333333,51.46120166666666,0.0,0.0,1561288455940,11,GSM,False,11273,150,427,2,-57,4,0
2465,25.32071333333333,51.45908333333333,0.0,0.0,1561288466032,0,GSM,True,46681,9301,427,1,-49,4,0
2466,25.32071333333333,51.45908333333333,0.0,0.0,1561288466032,1,GSM,False,21222,9301,427,1,-13,4,0
2467,25.32071333333333,51.45908333333333,0.0,0.0,1561288466032,2,GSM,False,46683,9301,427,1,-39,4,0
2468,25.32071333333333,51.45908333333333,0.0,0.0,1561288466032,3,GSM,False,21223,9301,427,1,-45,4,0
2469,25.32071333333333,51.45908333333333,0.0,0.0,1561288466032,4,GSM,False,23253,9301,427,1,-51,4,0
2470,25.32071333333333,51.45908333333333,0.0,0.0,1561288466032,5,GSM,True,10941,150,427,2,11,4,0
2471,25.32071333333333,51.45908333333333,0.0,0.0,1561288466032,6,GSM,False,17602,161,427,2,-37,4,0
2472,25.32071333333333,51.45908333333333,0.0,0.0,1561288466032,7,GSM,False,10942,150,427,2,-37,4,0
2473,25.32071333333333,51.45908333333333,0.0,0.0,1561288466032,8,GSM,False,10931,150,427,2,-41,4,0
2474,25.32071333333333,51.45908333333333,0.0,0.0,1561288466032,9,GSM,False,15743,161,427,2,-41,4,0
2475,25.32071333333333,51.45908333333333,0.0,0.0,1561288466032,10,GSM,False,17603,161,427,2,-45,4,0
2476,25.32071333333333,51.45908333333333,0.0,0.0,1561288466032,11,GSM,False,10053,161,427,2,-49,4,0
2477,25.320705,51.45885,0.0,0.0,1561288466406,0,GSM,True,46681,9301,427,1,-49,4,0
2478,25.320705,51.45885,0.0,0.0,1561288466406,1,GSM,False,21222,9301,427,1,-13,4,0
2479,25.320705,51.45885,0.0,0.0,1561288466406,2,GSM,False,46683,9301,427,1,-39,4,0
2480,25.320705,51.45885,0.0,0.0,1561288466406,3,GSM,False,21223,9301,427,1,-45,4,0
2481,25.320705,51.45885,0.0,0.0,1561288466406,4,GSM,False,23253,9301,427,1,-51,4,0
2482,25.320705,51.45885,0.0,0.0,1561288466406,5,GSM,True,10941,150,427,2,11,4,0
2483,25.320705,51.45885,0.0,0.0,1561288466406,6,GSM,False,17602,161,427,2,-37,4,0
2484,25.320705,51.45885,0.0,0.0,1561288466406,7,GSM,False,10942,150,427,2,-37,4,0
2485,25.320705,51.45885,0.0,0.0,1561288466406,8,GSM,False,10931,150,427,2,-41,4,0
2486,25.320705,51.45885,0.0,0.0,1561288466406,9,GSM,False,15743,161,427,2,-41,4,0
2487,25.320705,51.45885,0.0,0.0,1561288466406,10,GSM,False,17603,161,427,2,-45,4,0
2488,25.320705,51.45885,0.0,0.0,1561288466406,11,GSM,False,10053,161,427,2,-49,4,0
2489,25.32069166666667,51.45867333333334,0.0,0.0,1561288467787,0,GSM,True,46681,9301,427,1,-49,4,0
2490,25.32069166666667,51.45867333333334,0.0,0.0,1561288467787,1,GSM,False,21222,9301,427,1,-13,4,0
2491,25.32069166666667,51.45867333333334,0.0,0.0,1561288467787,2,GSM,False,46683,9301,427,1,-39,4,0
2492,25.32069166666667,51.45867333333334,0.0,0.0,1561288467787,3,GSM,False,21223,9301,427,1,-45,4,0
2493,25.32069166666667,51.45867333333334,0.0,0.0,1561288467787,4,GSM,False,23253,9301,427,1,-51,4,0
2494,25.32069166666667,51.45867333333334,0.0,0.0,1561288467787,5,GSM,True,10941,150,427,2,11,4,0
2495,25.32069166666667,51.45867333333334,0.0,0.0,1561288467787,6,GSM,False,17602,161,427,2,-37,4,0
2496,25.32069166666667,51.45867333333334,0.0,0.0,1561288467787,7,GSM,False,10942,150,427,2,-37,4,0
2497,25.32069166666667,51.45867333333334,0.0,0.0,1561288467787,8,GSM,False,10931,150,427,2,-41,4,0
2498,25.32069166666667,51.45867333333334,0.0,0.0,1561288467787,9,GSM,False,15743,161,427,2,-41,4,0
2499,25.32069166666667,51.45867333333334,0.0,0.0,1561288467787,10,GSM,False,17603,161,427,2,-45,4,0
2500,25.32069166666667,51.45867333333334,0.0,0.0,1561288467787,11,GSM,False,10053,161,427,2,-49,4,0
2501,25.320670000000003,51.458376666666666,0.0,0.0,1561288470110,0,GSM,True,21222,9301,427,1,-23,4,0
2502,25.320670000000003,51.458376666666666,0.0,0.0,1561288470110,1,GSM,False,21233,9301,427,1,-35,4,0
2503,25.320670000000003,51.458376666666666,0.0,0.0,1561288470110,2,GSM,False,21223,9301,427,1,-39,4,0
2504,25.320670000000003,51.458376666666666,0.0,0.0,1561288470110,3,GSM,False,46683,9301,427,1,-39,4,0
2505,25.320670000000003,51.458376666666666,0.0,0.0,1561288470110,4,GSM,False,21231,9301,427,1,-41,4,0
2506,25.320670000000003,51.458376666666666,0.0,0.0,1561288470110,5,GSM,False,29581,9301,427,1,-43,4,0
2507,25.320670000000003,51.458376666666666,0.0,0.0,1561288470110,6,GSM,False,49392,9301,427,1,-47,4,0
2508,25.320670000000003,51.458376666666666,0.0,0.0,1561288470110,7,GSM,True,10941,150,427,2,13,4,0
2509,25.320670000000003,51.458376666666666,0.0,0.0,1561288470110,8,GSM,False,10943,150,427,2,-17,4,0
2510,25.320670000000003,51.458376666666666,0.0,0.0,1561288470110,9,GSM,False,10942,150,427,2,-33,4,0
2511,25.320670000000003,51.458376666666666,0.0,0.0,1561288470110,10,GSM,False,17602,161,427,2,-43,4,0
2512,25.320670000000003,51.458376666666666,0.0,0.0,1561288470110,11,GSM,False,15743,161,427,2,-45,4,0
2513,25.320670000000003,51.458376666666666,0.0,0.0,1561288470110,12,GSM,False,17603,161,427,2,-47,4,0
2514,25.320670000000003,51.458376666666666,0.0,0.0,1561288470110,13,GSM,False,10053,161,427,2,-53,4,0
2515,25.32036333333333,51.45617333333333,0.0,0.0,1561288485175,0,GSM,True,21222,9301,427,1,-35,4,0
2516,25.32036333333333,51.45617333333333,0.0,0.0,1561288485175,1,GSM,False,21233,9301,427,1,-27,4,0
2517,25.32036333333333,51.45617333333333,0.0,0.0,1561288485175,2,GSM,False,21223,9301,427,1,-49,4,0
2518,25.32036333333333,51.45617333333333,0.0,0.0,1561288485175,3,GSM,False,46683,9301,427,1,-53,4,0
2519,25.32036333333333,51.45617333333333,0.0,0.0,1561288485175,4,GSM,False,21231,9301,427,1,-55,4,0
2520,25.32036333333333,51.45617333333333,0.0,0.0,1561288485175,5,GSM,False,40572,9301,427,1,-61,4,0
2521,25.32036333333333,51.45617333333333,0.0,0.0,1561288485175,6,GSM,False,22113,9301,427,1,-63,4,0
2522,25.32036333333333,51.45617333333333,0.0,0.0,1561288485175,7,GSM,True,10941,150,427,2,-13,4,0
2523,25.32036333333333,51.45617333333333,0.0,0.0,1561288485175,8,GSM,False,10943,150,427,2,-5,4,0
2524,25.32036333333333,51.45617333333333,0.0,0.0,1561288485175,9,GSM,False,10942,150,427,2,-29,4,0
2525,25.32036333333333,51.45617333333333,0.0,0.0,1561288485175,10,GSM,False,17603,161,427,2,-47,4,0
2526,25.32036333333333,51.45617333333333,0.0,0.0,1561288485175,11,GSM,False,17602,161,427,2,-53,4,0
2527,25.32036333333333,51.45617333333333,0.0,0.0,1561288485175,12,GSM,False,15743,161,427,2,-53,4,0
2528,25.32036333333333,51.45617333333333,0.0,0.0,1561288485175,13,GSM,False,10053,161,427,2,-59,4,0
2529,25.32036333333333,51.45617333333333,0.0,0.0,1561288489082,8,GSM,False,10933,150,427,2,-55,4,0
2530,25.32036333333333,51.45617333333333,0.0,0.0,1561288489082,10,GSM,False,10242,150,427,2,-61,4,0
2531,25.32036333333333,51.45617333333333,0.0,0.0,1561288489082,12,GSM,False,11273,150,427,2,-67,4,0
2532,25.320241666666668,51.45413166666667,0.0,0.0,1561288496262,0,GSM,True,21233,9301,427,1,-45,4,0
2533,25.320241666666668,51.45413166666667,0.0,0.0,1561288496262,1,GSM,False,21231,9301,427,1,-47,4,0
2534,25.320241666666668,51.45413166666667,0.0,0.0,1561288496262,2,GSM,False,49392,9301,427,1,-59,4,0
2535,25.320241666666668,51.45413166666667,0.0,0.0,1561288496262,3,GSM,False,21221,9301,427,1,-61,4,0
2536,25.320241666666668,51.45413166666667,0.0,0.0,1561288496262,4,GSM,False,46683,9301,427,1,-63,4,0
2537,25.320241666666668,51.45413166666667,0.0,0.0,1561288496262,5,GSM,False,22113,9301,427,1,-63,4,0
2538,25.320241666666668,51.45413166666667,0.0,0.0,1561288496262,6,GSM,False,21223,9301,427,1,-67,4,0
2539,25.320241666666668,51.45413166666667,0.0,0.0,1561288496262,7,GSM,True,10943,150,427,2,-41,4,0
2540,25.320241666666668,51.45413166666667,0.0,0.0,1561288496262,8,GSM,False,10931,150,427,2,-39,4,0
2541,25.320241666666668,51.45413166666667,0.0,0.0,1561288496262,9,GSM,False,10933,150,427,2,-53,4,0
2542,25.320241666666668,51.45413166666667,0.0,0.0,1561288496262,10,GSM,False,10941,150,427,2,-57,4,0
2543,25.320241666666668,51.45413166666667,0.0,0.0,1561288496262,11,GSM,False,10942,150,427,2,-59,4,0
2544,25.320241666666668,51.45413166666667,0.0,0.0,1561288496262,12,GSM,False,10242,150,427,2,-61,4,0
2545,25.320241666666668,51.45413166666667,0.0,0.0,1561288496262,13,GSM,False,11273,150,427,2,-67,4,0
2546,25.32024833333333,51.45395,0.0,0.0,1561288496450,0,GSM,True,21233,9301,427,1,-45,4,0
2547,25.32024833333333,51.45395,0.0,0.0,1561288496450,1,GSM,False,21231,9301,427,1,-47,4,0
2548,25.32024833333333,51.45395,0.0,0.0,1561288496450,2,GSM,False,49392,9301,427,1,-59,4,0
2549,25.32024833333333,51.45395,0.0,0.0,1561288496450,3,GSM,False,21221,9301,427,1,-61,4,0
2550,25.32024833333333,51.45395,0.0,0.0,1561288496450,4,GSM,False,46683,9301,427,1,-63,4,0
2551,25.32024833333333,51.45395,0.0,0.0,1561288496450,5,GSM,False,22113,9301,427,1,-63,4,0
2552,25.32024833333333,51.45395,0.0,0.0,1561288496450,6,GSM,False,21223,9301,427,1,-67,4,0
2553,25.32024833333333,51.45395,0.0,0.0,1561288496450,7,GSM,True,10943,150,427,2,-41,4,0
2554,25.32024833333333,51.45395,0.0,0.0,1561288496450,8,GSM,False,10931,150,427,2,-39,4,0
2555,25.32024833333333,51.45395,0.0,0.0,1561288496450,9,GSM,False,10933,150,427,2,-53,4,0
2556,25.32024833333333,51.45395,0.0,0.0,1561288496450,10,GSM,False,10941,150,427,2,-57,4,0
2557,25.32024833333333,51.45395,0.0,0.0,1561288496450,11,GSM,False,10942,150,427,2,-59,4,0
2558,25.32024833333333,51.45395,0.0,0.0,1561288496450,12,GSM,False,10242,150,427,2,-61,4,0
2559,25.32024833333333,51.45395,0.0,0.0,1561288496450,13,GSM,False,11273,150,427,2,-67,4,0
2560,25.320226666666667,51.45267166666666,0.0,0.0,1561288503634,0,GSM,True,21233,9301,427,1,-49,4,0
2561,25.320226666666667,51.45267166666666,0.0,0.0,1561288503634,1,GSM,False,29282,9301,427,1,-47,4,0
2562,25.320226666666667,51.45267166666666,0.0,0.0,1561288503634,2,GSM,False,21231,9301,427,1,-57,4,0
2563,25.320226666666667,51.45267166666666,0.0,0.0,1561288503634,3,GSM,False,22113,9301,427,1,-63,4,0
2564,25.320226666666667,51.45267166666666,0.0,0.0,1561288503634,4,GSM,False,40572,9301,427,1,-63,4,0
2565,25.320226666666667,51.45267166666666,0.0,0.0,1561288503634,5,GSM,False,46683,9301,427,1,-67,4,0
2566,25.320226666666667,51.45267166666666,0.0,0.0,1561288503634,6,GSM,False,21223,9301,427,1,-67,4,0
2567,25.320226666666667,51.45267166666666,0.0,0.0,1561288503634,7,GSM,True,10943,150,427,2,-53,4,0
2568,25.320226666666667,51.45267166666666,0.0,0.0,1561288503634,8,GSM,False,10931,150,427,2,-39,4,0
2569,25.320226666666667,51.45267166666666,0.0,0.0,1561288503634,9,GSM,False,10933,150,427,2,-55,4,0
2570,25.320226666666667,51.45267166666666,0.0,0.0,1561288503634,10,GSM,False,10942,150,427,2,-57,4,0
2571,25.320226666666667,51.45267166666666,0.0,0.0,1561288503634,11,GSM,False,10242,150,427,2,-57,4,0
2572,25.320226666666667,51.45267166666666,0.0,0.0,1561288503634,12,GSM,False,10941,150,427,2,-59,4,0
2573,25.320226666666667,51.45267166666666,0.0,0.0,1561288503634,13,GSM,False,11273,150,427,2,-67,4,0
2574,25.32022333333333,51.452103333333326,0.0,0.0,1561288507063,0,GSM,True,21233,9301,427,1,-55,4,0
2575,25.32022333333333,51.452103333333326,0.0,0.0,1561288507063,1,GSM,False,29282,9301,427,1,-41,4,0
2576,25.32022333333333,51.452103333333326,0.0,0.0,1561288507063,2,GSM,False,21231,9301,427,1,-59,4,0
2577,25.32022333333333,51.452103333333326,0.0,0.0,1561288507063,3,GSM,False,24882,9301,427,1,-59,4,0
2578,25.32022333333333,51.452103333333326,0.0,0.0,1561288507063,4,GSM,False,40851,9302,427,1,-63,4,0
2579,25.32022333333333,51.452103333333326,0.0,0.0,1561288507063,5,GSM,False,40572,9301,427,1,-63,4,0
2580,25.32022333333333,51.452103333333326,0.0,0.0,1561288507063,6,GSM,False,21223,9301,427,1,-63,4,0
2581,25.32022333333333,51.452103333333326,0.0,0.0,1561288507063,7,GSM,True,10943,150,427,2,-53,4,0
2582,25.32022333333333,51.452103333333326,0.0,0.0,1561288507063,8,GSM,False,10931,150,427,2,-39,4,0
2583,25.32022333333333,51.452103333333326,0.0,0.0,1561288507063,9,GSM,False,10933,150,427,2,-55,4,0
2584,25.32022333333333,51.452103333333326,0.0,0.0,1561288507063,10,GSM,False,10942,150,427,2,-57,4,0
2585,25.32022333333333,51.452103333333326,0.0,0.0,1561288507063,11,GSM,False,10242,150,427,2,-57,4,0
2586,25.32022333333333,51.452103333333326,0.0,0.0,1561288507063,12,GSM,False,10941,150,427,2,-59,4,0
2587,25.32022333333333,51.452103333333326,0.0,0.0,1561288507063,13,GSM,False,11273,150,427,2,-67,4,0
2588,25.32022333333333,51.452103333333326,0.0,0.0,1561288511031,8,GSM,False,16362,150,427,2,-55,4,0
2589,25.32022333333333,51.452103333333326,0.0,0.0,1561288511031,12,GSM,False,17602,161,427,2,-67,4,0
2590,25.320406666666667,51.450558333333326,0.0,0.0,1561288525623,0,GSM,True,29282,9301,427,1,-19,4,0
2591,25.320406666666667,51.450558333333326,0.0,0.0,1561288525623,1,GSM,False,21233,9301,427,1,-55,4,0
2592,25.320406666666667,51.450558333333326,0.0,0.0,1561288525623,2,GSM,False,40851,9302,427,1,-57,4,0
2593,25.320406666666667,51.450558333333326,0.0,0.0,1561288525623,3,GSM,False,21231,9301,427,1,-61,4,0
2594,25.320406666666667,51.450558333333326,0.0,0.0,1561288525623,4,GSM,False,40572,9301,427,1,-63,4,0
2595,25.320406666666667,51.450558333333326,0.0,0.0,1561288525623,5,GSM,True,10242,150,427,2,-23,4,0
2596,25.320406666666667,51.450558333333326,0.0,0.0,1561288525623,6,GSM,False,10933,150,427,2,-49,4,0
2597,25.320406666666667,51.450558333333326,0.0,0.0,1561288525623,7,GSM,False,10243,150,427,2,-51,4,0
2598,25.320406666666667,51.450558333333326,0.0,0.0,1561288525623,8,GSM,False,19903,181,427,2,-51,4,0
2599,25.320406666666667,51.450558333333326,0.0,0.0,1561288525623,9,GSM,False,10262,150,427,2,-59,4,0
2600,25.320406666666667,51.450558333333326,0.0,0.0,1561288525623,10,GSM,False,10943,150,427,2,-61,4,0
2601,25.320406666666667,51.450558333333326,0.0,0.0,1561288525623,11,GSM,False,16362,150,427,2,-63,4,0
2602,25.320406666666667,51.450558333333326,0.0,0.0,1561288529918,1,GSM,False,21263,9301,427,1,-45,4,0
2603,25.320406666666667,51.450558333333326,0.0,0.0,1561288529918,4,GSM,False,29281,9301,427,1,-59,4,0
2604,25.320406666666667,51.450558333333326,0.0,0.0,1561288529918,7,GSM,False,10931,150,427,2,-47,4,0
2605,25.32038333333333,51.45059333333334,0.0,0.0,1561288537300,0,GSM,True,29282,9301,427,1,-19,4,0
2606,25.32038333333333,51.45059333333334,0.0,0.0,1561288537300,1,GSM,False,21263,9301,427,1,-41,4,0
2607,25.32038333333333,51.45059333333334,0.0,0.0,1561288537300,2,GSM,False,21233,9301,427,1,-55,4,0
2608,25.32038333333333,51.45059333333334,0.0,0.0,1561288537300,3,GSM,False,29281,9301,427,1,-59,4,0
2609,25.32038333333333,51.45059333333334,0.0,0.0,1561288537300,4,GSM,False,40572,9301,427,1,-65,4,0
2610,25.32038333333333,51.45059333333334,0.0,0.0,1561288537300,5,GSM,True,10242,150,427,2,-25,4,0
2611,25.32038333333333,51.45059333333334,0.0,0.0,1561288537300,6,GSM,False,10933,150,427,2,-45,4,0
2612,25.32038333333333,51.45059333333334,0.0,0.0,1561288537300,7,GSM,False,10931,150,427,2,-45,4,0
2613,25.32038333333333,51.45059333333334,0.0,0.0,1561288537300,8,GSM,False,19903,181,427,2,-57,4,0
2614,25.32038333333333,51.45059333333334,0.0,0.0,1561288537300,9,GSM,False,10262,150,427,2,-57,4,0
2615,25.32038333333333,51.45059333333334,0.0,0.0,1561288537300,10,GSM,False,10891,181,427,2,-61,4,0
2616,25.32038333333333,51.45059333333334,0.0,0.0,1561288537300,11,GSM,False,10941,150,427,2,-63,4,0
2617,25.32038333333333,51.45059333333334,0.0,0.0,1561288540639,10,GSM,False,10943,150,427,2,-63,4,0
2618,25.320461666666667,51.45060166666667,0.0,0.0,1561288555281,0,GSM,True,29282,9301,427,1,-15,4,0
2619,25.320461666666667,51.45060166666667,0.0,0.0,1561288555281,1,GSM,False,21263,9301,427,1,-37,4,0
2620,25.320461666666667,51.45060166666667,0.0,0.0,1561288555281,2,GSM,False,21251,9301,427,1,-51,4,0
2621,25.320461666666667,51.45060166666667,0.0,0.0,1561288555281,3,GSM,False,29281,9301,427,1,-59,4,0
2622,25.320461666666667,51.45060166666667,0.0,0.0,1561288555281,4,GSM,False,21233,9301,427,1,-61,4,0
2623,25.320461666666667,51.45060166666667,0.0,0.0,1561288555281,5,GSM,True,10242,150,427,2,-33,4,0
2624,25.320461666666667,51.45060166666667,0.0,0.0,1561288555281,6,GSM,False,10931,150,427,2,-45,4,0
2625,25.320461666666667,51.45060166666667,0.0,0.0,1561288555281,7,GSM,False,10933,150,427,2,-47,4,0
2626,25.320461666666667,51.45060166666667,0.0,0.0,1561288555281,8,GSM,False,10262,150,427,2,-55,4,0
2627,25.320461666666667,51.45060166666667,0.0,0.0,1561288555281,9,GSM,False,19903,181,427,2,-55,4,0
2628,25.320461666666667,51.45060166666667,0.0,0.0,1561288555281,10,GSM,False,10943,150,427,2,-55,4,0
2629,25.320461666666667,51.45060166666667,0.0,0.0,1561288555281,11,GSM,False,10891,181,427,2,-61,4,0
2630,25.320461666666667,51.45060166666667,0.0,0.0,1561288563022,2,GSM,False,40132,9301,427,1,-45,4,0
2631,25.3205,51.450651666666666,0.0,0.0,1561288570355,0,GSM,True,29282,9301,427,1,-15,4,0
2632,25.3205,51.450651666666666,0.0,0.0,1561288570355,1,GSM,False,21251,9301,427,1,-45,4,0
2633,25.3205,51.450651666666666,0.0,0.0,1561288570355,2,GSM,False,21263,9301,427,1,-47,4,0
2634,25.3205,51.450651666666666,0.0,0.0,1561288570355,3,GSM,False,40132,9301,427,1,-47,4,0
2635,25.3205,51.450651666666666,0.0,0.0,1561288570355,4,GSM,False,21233,9301,427,1,-59,4,0
2636,25.3205,51.450651666666666,0.0,0.0,1561288570355,5,GSM,True,10242,150,427,2,-31,4,0
2637,25.3205,51.450651666666666,0.0,0.0,1561288570355,6,GSM,False,10931,150,427,2,-47,4,0
2638,25.3205,51.450651666666666,0.0,0.0,1561288570355,7,GSM,False,10933,150,427,2,-47,4,0
2639,25.3205,51.450651666666666,0.0,0.0,1561288570355,8,GSM,False,10943,150,427,2,-55,4,0
2640,25.3205,51.450651666666666,0.0,0.0,1561288570355,9,GSM,False,10262,150,427,2,-55,4,0
2641,25.3205,51.450651666666666,0.0,0.0,1561288570355,10,GSM,False,19903,181,427,2,-59,4,0
2642,25.3205,51.450651666666666,0.0,0.0,1561288570355,11,GSM,False,10891,181,427,2,-71,4,0
2643,25.320376666666668,51.45062166666666,0.0,0.0,1561288574467,0,GSM,True,29282,9301,427,1,-21,4,0
2644,25.320376666666668,51.45062166666666,0.0,0.0,1561288574467,1,GSM,False,21251,9301,427,1,-47,4,0
2645,25.320376666666668,51.45062166666666,0.0,0.0,1561288574467,2,GSM,False,40132,9301,427,1,-49,4,0
2646,25.320376666666668,51.45062166666666,0.0,0.0,1561288574467,3,GSM,False,21263,9301,427,1,-53,4,0
2647,25.320376666666668,51.45062166666666,0.0,0.0,1561288574467,4,GSM,False,21233,9301,427,1,-53,4,0
2648,25.320376666666668,51.45062166666666,0.0,0.0,1561288574467,5,GSM,True,10242,150,427,2,-31,4,0
2649,25.320376666666668,51.45062166666666,0.0,0.0,1561288574467,6,GSM,False,10931,150,427,2,-47,4,0
2650,25.320376666666668,51.45062166666666,0.0,0.0,1561288574467,7,GSM,False,10933,150,427,2,-47,4,0
2651,25.320376666666668,51.45062166666666,0.0,0.0,1561288574467,8,GSM,False,10243,150,427,2,-51,4,0
2652,25.320376666666668,51.45062166666666,0.0,0.0,1561288574467,9,GSM,False,10943,150,427,2,-55,4,0
2653,25.320376666666668,51.45062166666666,0.0,0.0,1561288574467,10,GSM,False,10262,150,427,2,-55,4,0
2654,25.320376666666668,51.45062166666666,0.0,0.0,1561288574467,11,GSM,False,19903,181,427,2,-59,4,0
2655,25.320376666666668,51.45062166666666,0.0,0.0,1561288582366,0,GSM,True,29581,9301,427,1,-41,4,0
2656,25.320370000000004,51.45067666666667,0.0,0.0,1561288586527,0,GSM,True,29581,9301,427,1,-41,4,0
2657,25.320370000000004,51.45067666666667,0.0,0.0,1561288586527,1,GSM,False,21251,9301,427,1,-59,4,0
2658,25.320370000000004,51.45067666666667,0.0,0.0,1561288586527,2,GSM,False,21263,9301,427,1,-63,4,0
2659,25.320370000000004,51.45067666666667,0.0,0.0,1561288586527,3,GSM,True,10242,150,427,2,-29,4,0
2660,25.320370000000004,51.45067666666667,0.0,0.0,1561288586527,4,GSM,False,10933,150,427,2,-47,4,0
2661,25.320370000000004,51.45067666666667,0.0,0.0,1561288586527,5,GSM,False,10931,150,427,2,-49,4,0
2662,25.320370000000004,51.45067666666667,0.0,0.0,1561288586527,6,GSM,False,10243,150,427,2,-51,4,0
2663,25.320370000000004,51.45067666666667,0.0,0.0,1561288586527,7,GSM,False,10943,150,427,2,-57,4,0
2664,25.320370000000004,51.45067666666667,0.0,0.0,1561288586527,8,GSM,False,10262,150,427,2,-59,4,0
2665,25.320370000000004,51.45067666666667,0.0,0.0,1561288586527,9,GSM,False,19903,181,427,2,-63,4,0
2666,25.320370000000004,51.45067666666667,0.0,0.0,1561288590701,1,GSM,False,29282,9301,427,1,-17,4,0
2667,25.320370000000004,51.45067666666667,0.0,0.0,1561288590701,4,GSM,False,29281,9301,427,1,-63,4,0
2668,25.32042,51.45056666666666,0.0,0.0,1561288600792,0,GSM,True,29581,9301,427,1,-41,4,0
2669,25.32042,51.45056666666666,0.0,0.0,1561288600792,1,GSM,False,29282,9301,427,1,-25,4,0
2670,25.32042,51.45056666666666,0.0,0.0,1561288600792,2,GSM,False,21263,9301,427,1,-49,4,0
2671,25.32042,51.45056666666666,0.0,0.0,1561288600792,3,GSM,False,21251,9301,427,1,-57,4,0
2672,25.32042,51.45056666666666,0.0,0.0,1561288600792,4,GSM,False,29281,9301,427,1,-69,4,0
2673,25.32042,51.45056666666666,0.0,0.0,1561288600792,5,GSM,True,10242,150,427,2,-23,4,0
2674,25.32042,51.45056666666666,0.0,0.0,1561288600792,6,GSM,False,10933,150,427,2,-49,4,0
2675,25.32042,51.45056666666666,0.0,0.0,1561288600792,7,GSM,False,10243,150,427,2,-51,4,0
2676,25.32042,51.45056666666666,0.0,0.0,1561288600792,8,GSM,False,10931,150,427,2,-57,4,0
2677,25.32042,51.45056666666666,0.0,0.0,1561288600792,9,GSM,False,10943,150,427,2,-59,4,0
2678,25.32042,51.45056666666666,0.0,0.0,1561288600792,10,GSM,False,10262,150,427,2,-63,4,0
2679,25.32042,51.45056666666666,0.0,0.0,1561288600792,11,GSM,False,19903,181,427,2,-63,4,0
2680,25.320315,51.45054,0.0,0.0,1561288616285,0,GSM,True,29581,9301,427,1,-41,4,0
2681,25.320315,51.45054,0.0,0.0,1561288616285,1,GSM,False,29282,9301,427,1,-33,4,0
2682,25.320315,51.45054,0.0,0.0,1561288616285,2,GSM,False,21263,9301,427,1,-41,4,0
2683,25.320315,51.45054,0.0,0.0,1561288616285,3,GSM,False,21261,9301,427,1,-55,4,0
2684,25.320315,51.45054,0.0,0.0,1561288616285,4,GSM,False,29281,9301,427,1,-69,4,0
2685,25.320315,51.45054,0.0,0.0,1561288616285,5,GSM,True,10242,150,427,2,-31,4,0
2686,25.320315,51.45054,0.0,0.0,1561288616285,6,GSM,False,10243,150,427,2,-49,4,0
2687,25.320315,51.45054,0.0,0.0,1561288616285,7,GSM,False,10933,150,427,2,-53,4,0
2688,25.320315,51.45054,0.0,0.0,1561288616285,8,GSM,False,19903,181,427,2,-59,4,0
2689,25.320315,51.45054,0.0,0.0,1561288616285,9,GSM,False,10931,150,427,2,-61,4,0
2690,25.320315,51.45054,0.0,0.0,1561288616285,10,GSM,False,10262,150,427,2,-63,4,0
2691,25.320315,51.45054,0.0,0.0,1561288616285,11,GSM,False,10943,150,427,2,-65,4,0
2692,25.320315,51.45054,0.0,0.0,1561288620672,11,GSM,False,10891,181,427,2,-67,4,0
2693,25.32036333333333,51.450558333333326,0.0,0.0,1561288629383,0,GSM,True,29581,9301,427,1,-41,4,0
2694,25.32036333333333,51.450558333333326,0.0,0.0,1561288629383,1,GSM,False,29282,9301,427,1,-27,4,0
2695,25.32036333333333,51.450558333333326,0.0,0.0,1561288629383,2,GSM,False,21261,9301,427,1,-55,4,0
2696,25.32036333333333,51.450558333333326,0.0,0.0,1561288629383,3,GSM,False,21263,9301,427,1,-57,4,0
2697,25.32036333333333,51.450558333333326,0.0,0.0,1561288629383,4,GSM,False,29281,9301,427,1,-69,4,0
2698,25.32036333333333,51.450558333333326,0.0,0.0,1561288629383,5,GSM,True,10242,150,427,2,-31,4,0
2699,25.32036333333333,51.450558333333326,0.0,0.0,1561288629383,6,GSM,False,10243,150,427,2,-51,4,0
2700,25.32036333333333,51.450558333333326,0.0,0.0,1561288629383,7,GSM,False,10933,150,427,2,-55,4,0
2701,25.32036333333333,51.450558333333326,0.0,0.0,1561288629383,8,GSM,False,10931,150,427,2,-59,4,0
2702,25.32036333333333,51.450558333333326,0.0,0.0,1561288629383,9,GSM,False,19903,181,427,2,-63,4,0
2703,25.32036333333333,51.450558333333326,0.0,0.0,1561288629383,10,GSM,False,10262,150,427,2,-63,4,0
2704,25.32036333333333,51.450558333333326,0.0,0.0,1561288629383,11,GSM,False,10891,181,427,2,-67,4,0
2705,25.32038166666667,51.45057499999999,0.0,0.0,1561288649997,0,GSM,True,29581,9301,427,1,-39,4,0
2706,25.32038166666667,51.45057499999999,0.0,0.0,1561288649997,1,GSM,False,29282,9301,427,1,-33,4,0
2707,25.32038166666667,51.45057499999999,0.0,0.0,1561288649997,2,GSM,False,21263,9301,427,1,-45,4,0
2708,25.32038166666667,51.45057499999999,0.0,0.0,1561288649997,3,GSM,False,21261,9301,427,1,-51,4,0
2709,25.32038166666667,51.45057499999999,0.0,0.0,1561288649997,4,GSM,False,29281,9301,427,1,-67,4,0
2710,25.32038166666667,51.45057499999999,0.0,0.0,1561288649997,5,GSM,True,10242,150,427,2,-21,4,0
2711,25.32038166666667,51.45057499999999,0.0,0.0,1561288649997,6,GSM,False,10243,150,427,2,-49,4,0
2712,25.32038166666667,51.45057499999999,0.0,0.0,1561288649997,7,GSM,False,10933,150,427,2,-55,4,0
2713,25.32038166666667,51.45057499999999,0.0,0.0,1561288649997,8,GSM,False,10931,150,427,2,-59,4,0
2714,25.32038166666667,51.45057499999999,0.0,0.0,1561288649997,9,GSM,False,10262,150,427,2,-61,4,0
2715,25.32038166666667,51.45057499999999,0.0,0.0,1561288649997,10,GSM,False,19903,181,427,2,-61,4,0
2716,25.32038166666667,51.45057499999999,0.0,0.0,1561288649997,11,GSM,False,10943,150,427,2,-69,4,0
2717,25.32039166666667,51.45057666666666,0.0,0.0,1561288652707,0,GSM,True,29581,9301,427,1,-35,4,0
2718,25.32039166666667,51.45057666666666,0.0,0.0,1561288652707,1,GSM,False,29282,9301,427,1,-27,4,0
2719,25.32039166666667,51.45057666666666,0.0,0.0,1561288652707,2,GSM,False,21263,9301,427,1,-45,4,0
2720,25.32039166666667,51.45057666666666,0.0,0.0,1561288652707,3,GSM,False,21261,9301,427,1,-51,4,0
2721,25.32039166666667,51.45057666666666,0.0,0.0,1561288652707,4,GSM,False,29281,9301,427,1,-67,4,0
2722,25.32039166666667,51.45057666666666,0.0,0.0,1561288652707,5,GSM,True,10242,150,427,2,-23,4,0
2723,25.32039166666667,51.45057666666666,0.0,0.0,1561288652707,6,GSM,False,10243,150,427,2,-49,4,0
2724,25.32039166666667,51.45057666666666,0.0,0.0,1561288652707,7,GSM,False,10933,150,427,2,-53,4,0
2725,25.32039166666667,51.45057666666666,0.0,0.0,1561288652707,8,GSM,False,10931,150,427,2,-57,4,0
2726,25.32039166666667,51.45057666666666,0.0,0.0,1561288652707,9,GSM,False,19903,181,427,2,-59,4,0
2727,25.32039166666667,51.45057666666666,0.0,0.0,1561288652707,10,GSM,False,10262,150,427,2,-61,4,0
2728,25.32039166666667,51.45057666666666,0.0,0.0,1561288652707,11,GSM,False,10943,150,427,2,-67,4,0
2729,25.32039166666667,51.45057666666666,0.0,0.0,1561288656968,11,GSM,False,10891,181,427,2,-69,4,0
2730,25.320435,51.450605,0.0,0.0,1561288671727,0,GSM,True,29581,9301,427,1,-29,4,0
2731,25.320435,51.450605,0.0,0.0,1561288671727,1,GSM,False,21263,9301,427,1,-41,4,0
2732,25.320435,51.450605,0.0,0.0,1561288671727,2,GSM,False,29282,9301,427,1,-43,4,0
2733,25.320435,51.450605,0.0,0.0,1561288671727,3,GSM,False,21261,9301,427,1,-49,4,0
2734,25.320435,51.450605,0.0,0.0,1561288671727,4,GSM,False,29281,9301,427,1,-65,4,0
2735,25.320435,51.450605,0.0,0.0,1561288671727,5,GSM,True,10242,150,427,2,-13,4,0
2736,25.320435,51.450605,0.0,0.0,1561288671727,6,GSM,False,10243,150,427,2,-47,4,0
2737,25.320435,51.450605,0.0,0.0,1561288671727,7,GSM,False,10931,150,427,2,-49,4,0
2738,25.320435,51.450605,0.0,0.0,1561288671727,8,GSM,False,10933,150,427,2,-49,4,0
2739,25.320435,51.450605,0.0,0.0,1561288671727,9,GSM,False,10262,150,427,2,-61,4,0
2740,25.320435,51.450605,0.0,0.0,1561288671727,10,GSM,False,10943,150,427,2,-65,4,0
2741,25.320435,51.450605,0.0,0.0,1561288671727,11,GSM,False,10942,150,427,2,-69,4,0
2742,25.320415000000004,51.45061833333333,0.0,0.0,1561288683355,0,GSM,True,29581,9301,427,1,-33,4,0
2743,25.320415000000004,51.45061833333333,0.0,0.0,1561288683355,1,GSM,False,21263,9301,427,1,-41,4,0
2744,25.320415000000004,51.45061833333333,0.0,0.0,1561288683355,2,GSM,False,21261,9301,427,1,-47,4,0
2745,25.320415000000004,51.45061833333333,0.0,0.0,1561288683355,3,GSM,False,29282,9301,427,1,-47,4,0
2746,25.320415000000004,51.45061833333333,0.0,0.0,1561288683355,4,GSM,False,29281,9301,427,1,-69,4,0
2747,25.320415000000004,51.45061833333333,0.0,0.0,1561288683355,5,GSM,True,10242,150,427,2,-13,4,0
2748,25.320415000000004,51.45061833333333,0.0,0.0,1561288683355,6,GSM,False,10931,150,427,2,-41,4,0
2749,25.320415000000004,51.45061833333333,0.0,0.0,1561288683355,7,GSM,False,10933,150,427,2,-43,4,0
2750,25.320415000000004,51.45061833333333,0.0,0.0,1561288683355,8,GSM,False,10243,150,427,2,-43,4,0
2751,25.320415000000004,51.45061833333333,0.0,0.0,1561288683355,9,GSM,False,10943,150,427,2,-63,4,0
2752,25.320415000000004,51.45061833333333,0.0,0.0,1561288683355,10,GSM,False,10262,150,427,2,-65,4,0
2753,25.320415000000004,51.45061833333333,0.0,0.0,1561288683355,11,GSM,False,10942,150,427,2,-69,4,0
2754,25.32041333333333,51.450651666666666,0.0,0.0,1561288687509,0,GSM,True,29581,9301,427,1,-31,4,0
2755,25.32041333333333,51.450651666666666,0.0,0.0,1561288687509,1,GSM,False,21263,9301,427,1,-43,4,0
2756,25.32041333333333,51.450651666666666,0.0,0.0,1561288687509,2,GSM,False,21261,9301,427,1,-45,4,0
2757,25.32041333333333,51.450651666666666,0.0,0.0,1561288687509,3,GSM,False,29282,9301,427,1,-47,4,0
2758,25.32041333333333,51.450651666666666,0.0,0.0,1561288687509,4,GSM,False,29281,9301,427,1,-69,4,0
2759,25.32041333333333,51.450651666666666,0.0,0.0,1561288687509,5,GSM,True,10242,150,427,2,-11,4,0
2760,25.32041333333333,51.450651666666666,0.0,0.0,1561288687509,6,GSM,False,10931,150,427,2,-41,4,0
2761,25.32041333333333,51.450651666666666,0.0,0.0,1561288687509,7,GSM,False,10243,150,427,2,-41,4,0
2762,25.32041333333333,51.450651666666666,0.0,0.0,1561288687509,8,GSM,False,10933,150,427,2,-43,4,0
2763,25.32041333333333,51.450651666666666,0.0,0.0,1561288687509,9,GSM,False,10943,150,427,2,-63,4,0
2764,25.32041333333333,51.450651666666666,0.0,0.0,1561288687509,10,GSM,False,10262,150,427,2,-63,4,0
2765,25.32041333333333,51.450651666666666,0.0,0.0,1561288687509,11,GSM,False,10942,150,427,2,-69,4,0
2766,25.32044166666667,51.450606666666665,0.0,0.0,1561288700074,0,GSM,True,29581,9301,427,1,-29,4,0
2767,25.32044166666667,51.450606666666665,0.0,0.0,1561288700074,1,GSM,False,29282,9301,427,1,-41,4,0
2768,25.32044166666667,51.450606666666665,0.0,0.0,1561288700074,2,GSM,False,21263,9301,427,1,-41,4,0
2769,25.32044166666667,51.450606666666665,0.0,0.0,1561288700074,3,GSM,False,21261,9301,427,1,-49,4,0
2770,25.32044166666667,51.450606666666665,0.0,0.0,1561288700074,4,GSM,False,29281,9301,427,1,-67,4,0
2771,25.32044166666667,51.450606666666665,0.0,0.0,1561288700074,5,GSM,True,10242,150,427,2,-17,4,0
2772,25.32044166666667,51.450606666666665,0.0,0.0,1561288700074,6,GSM,False,10243,150,427,2,-41,4,0
2773,25.32044166666667,51.450606666666665,0.0,0.0,1561288700074,7,GSM,False,10931,150,427,2,-41,4,0
2774,25.32044166666667,51.450606666666665,0.0,0.0,1561288700074,8,GSM,False,10933,150,427,2,-45,4,0
2775,25.32044166666667,51.450606666666665,0.0,0.0,1561288700074,9,GSM,False,10943,150,427,2,-63,4,0
2776,25.32044166666667,51.450606666666665,0.0,0.0,1561288700074,10,GSM,False,10262,150,427,2,-63,4,0
2777,25.32044166666667,51.450606666666665,0.0,0.0,1561288700074,11,GSM,False,10942,150,427,2,-69,4,0
2778,25.320906666666662,51.44969833333333,0.0,0.0,1561288716421,0,GSM,True,29581,9301,427,1,-35,4,0
2779,25.320906666666662,51.44969833333333,0.0,0.0,1561288716421,1,GSM,False,29282,9301,427,1,-23,4,0
2780,25.320906666666662,51.44969833333333,0.0,0.0,1561288716421,2,GSM,False,21261,9301,427,1,-49,4,0
2781,25.320906666666662,51.44969833333333,0.0,0.0,1561288716421,3,GSM,False,21263,9301,427,1,-55,4,0
2782,25.320906666666662,51.44969833333333,0.0,0.0,1561288716421,4,GSM,False,29281,9301,427,1,-63,4,0
2783,25.320906666666662,51.44969833333333,0.0,0.0,1561288716421,5,GSM,True,10242,150,427,2,-17,4,0
2784,25.320906666666662,51.44969833333333,0.0,0.0,1561288716421,6,GSM,False,10243,150,427,2,-43,4,0
2785,25.320906666666662,51.44969833333333,0.0,0.0,1561288716421,7,GSM,False,10933,150,427,2,-45,4,0
2786,25.320906666666662,51.44969833333333,0.0,0.0,1561288716421,8,GSM,False,10931,150,427,2,-47,4,0
2787,25.320906666666662,51.44969833333333,0.0,0.0,1561288716421,9,GSM,False,10943,150,427,2,-59,4,0
2788,25.320906666666662,51.44969833333333,0.0,0.0,1561288716421,10,GSM,False,10262,150,427,2,-61,4,0
2789,25.320906666666662,51.44969833333333,0.0,0.0,1561288716421,11,GSM,False,10942,150,427,2,-71,4,0
2790,25.320906666666662,51.44969833333333,0.0,0.0,1561288720905,9,GSM,False,19903,181,427,2,-49,4,0
2791,25.32024666666667,51.44950666666667,0.0,0.0,1561288729055,0,GSM,True,29581,9301,427,1,-37,4,0
2792,25.32024666666667,51.44950666666667,0.0,0.0,1561288729055,1,GSM,False,29282,9301,427,1,-17,4,0
2793,25.32024666666667,51.44950666666667,0.0,0.0,1561288729055,2,GSM,False,21263,9301,427,1,-43,4,0
2794,25.32024666666667,51.44950666666667,0.0,0.0,1561288729055,3,GSM,False,21261,9301,427,1,-45,4,0
2795,25.32024666666667,51.44950666666667,0.0,0.0,1561288729055,4,GSM,False,29281,9301,427,1,-59,4,0
2796,25.32024666666667,51.44950666666667,0.0,0.0,1561288729055,5,GSM,True,10242,150,427,2,-15,4,0
2797,25.32024666666667,51.44950666666667,0.0,0.0,1561288729055,6,GSM,False,10243,150,427,2,-43,4,0
2798,25.32024666666667,51.44950666666667,0.0,0.0,1561288729055,7,GSM,False,10933,150,427,2,-47,4,0
2799,25.32024666666667,51.44950666666667,0.0,0.0,1561288729055,8,GSM,False,10931,150,427,2,-49,4,0
2800,25.32024666666667,51.44950666666667,0.0,0.0,1561288729055,9,GSM,False,19903,181,427,2,-49,4,0
2801,25.32024666666667,51.44950666666667,0.0,0.0,1561288729055,10,GSM,False,10262,150,427,2,-61,4,0
2802,25.32024666666667,51.44950666666667,0.0,0.0,1561288729055,11,GSM,False,10942,150,427,2,-69,4,0
2803,25.32024666666667,51.44950666666667,0.0,0.0,1561288738227,10,GSM,False,10932,150,427,2,-57,4,0
2804,25.319088333333337,51.44984166666666,0.0,0.0,1561288742641,0,GSM,True,29581,9301,427,1,-55,4,0
2805,25.319088333333337,51.44984166666666,0.0,0.0,1561288742641,1,GSM,False,29282,9301,427,1,-23,4,0
2806,25.319088333333337,51.44984166666666,0.0,0.0,1561288742641,2,GSM,False,21261,9301,427,1,-39,4,0
2807,25.319088333333337,51.44984166666666,0.0,0.0,1561288742641,3,GSM,False,21263,9301,427,1,-49,4,0
2808,25.319088333333337,51.44984166666666,0.0,0.0,1561288742641,4,GSM,False,29281,9301,427,1,-71,4,0
2809,25.319088333333337,51.44984166666666,0.0,0.0,1561288742641,5,GSM,True,10242,150,427,2,-45,4,0
2810,25.319088333333337,51.44984166666666,0.0,0.0,1561288742641,6,GSM,False,10933,150,427,2,-43,4,0
2811,25.319088333333337,51.44984166666666,0.0,0.0,1561288742641,7,GSM,False,10931,150,427,2,-51,4,0
2812,25.319088333333337,51.44984166666666,0.0,0.0,1561288742641,8,GSM,False,19903,181,427,2,-53,4,0
2813,25.319088333333337,51.44984166666666,0.0,0.0,1561288742641,9,GSM,False,10243,150,427,2,-53,4,0
2814,25.319088333333337,51.44984166666666,0.0,0.0,1561288742641,10,GSM,False,10932,150,427,2,-59,4,0
2815,25.319088333333337,51.44984166666666,0.0,0.0,1561288742641,11,GSM,False,10942,150,427,2,-71,4,0
2816,25.317470000000004,51.45007666666667,0.0,0.0,1561288754471,0,GSM,True,29282,9301,427,1,-41,4,0
2817,25.317470000000004,51.45007666666667,0.0,0.0,1561288754471,1,GSM,False,21261,9301,427,1,-33,4,0
2818,25.317470000000004,51.45007666666667,0.0,0.0,1561288754471,2,GSM,False,21233,9301,427,1,-43,4,0
2819,25.317470000000004,51.45007666666667,0.0,0.0,1561288754471,3,GSM,False,40851,9302,427,1,-45,4,0
2820,25.317470000000004,51.45007666666667,0.0,0.0,1561288754471,4,GSM,False,29281,9301,427,1,-73,4,0
2821,25.317470000000004,51.45007666666667,0.0,0.0,1561288754471,5,GSM,True,10242,150,427,2,-35,4,0
2822,25.317470000000004,51.45007666666667,0.0,0.0,1561288754471,6,GSM,False,10933,150,427,2,-45,4,0
2823,25.317470000000004,51.45007666666667,0.0,0.0,1561288754471,7,GSM,False,10931,150,427,2,-51,4,0
2824,25.317470000000004,51.45007666666667,0.0,0.0,1561288754471,8,GSM,False,19903,181,427,2,-55,4,0
2825,25.317470000000004,51.45007666666667,0.0,0.0,1561288754471,9,GSM,False,10243,150,427,2,-55,4,0
2826,25.317470000000004,51.45007666666667,0.0,0.0,1561288754471,10,GSM,False,10932,150,427,2,-61,4,0
2827,25.317470000000004,51.45007666666667,0.0,0.0,1561288754471,11,GSM,False,19901,181,427,2,-65,4,0
2828,25.317470000000004,51.45007666666667,0.0,0.0,1561288762664,3,GSM,False,20581,9302,427,1,-59,4,0
2829,25.317470000000004,51.45007666666667,0.0,0.0,1561288762664,11,GSM,False,10942,150,427,2,-69,4,0
2830,25.315145,51.451013333333336,0.0,0.0,1561288771867,0,GSM,True,21261,9301,427,1,-47,4,0
2831,25.315145,51.451013333333336,0.0,0.0,1561288771867,1,GSM,False,43981,9302,427,1,-25,4,0
2832,25.315145,51.451013333333336,0.0,0.0,1561288771867,2,GSM,False,40851,9302,427,1,-47,4,0
2833,25.315145,51.451013333333336,0.0,0.0,1561288771867,3,GSM,False,20581,9302,427,1,-49,4,0
2834,25.315145,51.451013333333336,0.0,0.0,1561288771867,4,GSM,False,29281,9301,427,1,-53,4,0
2835,25.315145,51.451013333333336,0.0,0.0,1561288771867,5,GSM,False,21233,9301,427,1,-55,4,0
2836,25.315145,51.451013333333336,0.0,0.0,1561288771867,6,GSM,True,10242,150,427,2,-53,4,0
2837,25.315145,51.451013333333336,0.0,0.0,1561288771867,7,GSM,False,19903,181,427,2,-37,4,0
2838,25.315145,51.451013333333336,0.0,0.0,1561288771867,8,GSM,False,10933,150,427,2,-37,4,0
2839,25.315145,51.451013333333336,0.0,0.0,1561288771867,9,GSM,False,10931,150,427,2,-47,4,0
2840,25.315145,51.451013333333336,0.0,0.0,1561288771867,10,GSM,False,10932,150,427,2,-53,4,0
2841,25.315145,51.451013333333336,0.0,0.0,1561288771867,11,GSM,False,19901,181,427,2,-59,4,0
2842,25.315145,51.451013333333336,0.0,0.0,1561288771867,12,GSM,False,10942,150,427,2,-69,4,0
2843,25.315016666666665,51.451065,0.0,0.0,1561288772062,0,GSM,True,21261,9301,427,1,-47,4,0
2844,25.315016666666665,51.451065,0.0,0.0,1561288772062,1,GSM,False,43981,9302,427,1,-25,4,0
2845,25.315016666666665,51.451065,0.0,0.0,1561288772062,2,GSM,False,40851,9302,427,1,-47,4,0
2846,25.315016666666665,51.451065,0.0,0.0,1561288772062,3,GSM,False,20581,9302,427,1,-49,4,0
2847,25.315016666666665,51.451065,0.0,0.0,1561288772062,4,GSM,False,29281,9301,427,1,-53,4,0
2848,25.315016666666665,51.451065,0.0,0.0,1561288772062,5,GSM,False,21233,9301,427,1,-55,4,0
2849,25.315016666666665,51.451065,0.0,0.0,1561288772062,6,GSM,True,10242,150,427,2,-53,4,0
2850,25.315016666666665,51.451065,0.0,0.0,1561288772062,7,GSM,False,19903,181,427,2,-37,4,0
2851,25.315016666666665,51.451065,0.0,0.0,1561288772062,8,GSM,False,10933,150,427,2,-37,4,0
2852,25.315016666666665,51.451065,0.0,0.0,1561288772062,9,GSM,False,10931,150,427,2,-47,4,0
2853,25.315016666666665,51.451065,0.0,0.0,1561288772062,10,GSM,False,10932,150,427,2,-53,4,0
2854,25.315016666666665,51.451065,0.0,0.0,1561288772062,11,GSM,False,19901,181,427,2,-59,4,0
2855,25.315016666666665,51.451065,0.0,0.0,1561288772062,12,GSM,False,10942,150,427,2,-69,4,0
2856,25.314753333333336,51.451168333333335,0.0,0.0,1561288774018,0,GSM,True,21261,9301,427,1,-49,4,0
2857,25.314753333333336,51.451168333333335,0.0,0.0,1561288774018,1,GSM,False,21263,9301,427,1,5,4,0
2858,25.314753333333336,51.451168333333335,0.0,0.0,1561288774018,2,GSM,False,43981,9302,427,1,-27,4,0
2859,25.314753333333336,51.451168333333335,0.0,0.0,1561288774018,3,GSM,False,40851,9302,427,1,-45,4,0
2860,25.314753333333336,51.451168333333335,0.0,0.0,1561288774018,4,GSM,False,40853,9302,427,1,-51,4,0
2861,25.314753333333336,51.451168333333335,0.0,0.0,1561288774018,5,GSM,False,20581,9302,427,1,-53,4,0
2862,25.314753333333336,51.451168333333335,0.0,0.0,1561288774018,6,GSM,False,29281,9301,427,1,-53,4,0
2863,25.314753333333336,51.451168333333335,0.0,0.0,1561288774018,7,GSM,True,10933,150,427,2,-11,4,0
2864,25.314753333333336,51.451168333333335,0.0,0.0,1561288774018,8,GSM,False,19903,181,427,2,-13,4,0
2865,25.314753333333336,51.451168333333335,0.0,0.0,1561288774018,9,GSM,False,10932,150,427,2,-39,4,0
2866,25.314753333333336,51.451168333333335,0.0,0.0,1561288774018,10,GSM,False,19901,181,427,2,-43,4,0
2867,25.314753333333336,51.451168333333335,0.0,0.0,1561288774018,11,GSM,False,10931,150,427,2,-47,4,0
2868,25.314753333333336,51.451168333333335,0.0,0.0,1561288774018,12,GSM,False,10942,150,427,2,-61,4,0
2869,25.314535,51.45123,0.0,0.0,1561288776678,0,GSM,True,21261,9301,427,1,-49,4,0
2870,25.314535,51.45123,0.0,0.0,1561288776678,1,GSM,False,21263,9301,427,1,5,4,0
2871,25.314535,51.45123,0.0,0.0,1561288776678,2,GSM,False,43981,9302,427,1,-27,4,0
2872,25.314535,51.45123,0.0,0.0,1561288776678,3,GSM,False,40851,9302,427,1,-45,4,0
2873,25.314535,51.45123,0.0,0.0,1561288776678,4,GSM,False,40853,9302,427,1,-51,4,0
2874,25.314535,51.45123,0.0,0.0,1561288776678,5,GSM,False,20581,9302,427,1,-53,4,0
2875,25.314535,51.45123,0.0,0.0,1561288776678,6,GSM,False,29281,9301,427,1,-53,4,0
2876,25.314535,51.45123,0.0,0.0,1561288776678,7,GSM,True,10933,150,427,2,-11,4,0
2877,25.314535,51.45123,0.0,0.0,1561288776678,8,GSM,False,19903,181,427,2,-13,4,0
2878,25.314535,51.45123,0.0,0.0,1561288776678,9,GSM,False,10932,150,427,2,-39,4,0
2879,25.314535,51.45123,0.0,0.0,1561288776678,10,GSM,False,19901,181,427,2,-43,4,0
2880,25.314535,51.45123,0.0,0.0,1561288776678,11,GSM,False,10931,150,427,2,-47,4,0
2881,25.314535,51.45123,0.0,0.0,1561288776678,12,GSM,False,10942,150,427,2,-61,4,0
2882,25.314535,51.45123,0.0,0.0,1561288781227,10,GSM,False,10841,181,427,2,-45,4,0
2883,25.314535,51.45123,0.0,0.0,1561288781227,13,GSM,False,11002,150,427,2,-53,4,0
2884,25.314535,51.45123,0.0,0.0,1561288786973,1,GSM,False,21233,9301,427,1,-27,4,0
2885,25.313178333333333,51.45175166666666,0.0,0.0,1561288789830,0,GSM,True,21263,9301,427,1,-43,4,0
2886,25.313178333333333,51.45175166666666,0.0,0.0,1561288789830,1,GSM,False,21233,9301,427,1,-27,4,0
2887,25.313178333333333,51.45175166666666,0.0,0.0,1561288789830,2,GSM,False,43981,9302,427,1,-31,4,0
2888,25.313178333333333,51.45175166666666,0.0,0.0,1561288789830,3,GSM,False,29281,9301,427,1,-41,4,0
2889,25.313178333333333,51.45175166666666,0.0,0.0,1561288789830,4,GSM,False,40851,9302,427,1,-51,4,0
2890,25.313178333333333,51.45175166666666,0.0,0.0,1561288789830,5,GSM,False,40853,9302,427,1,-61,4,0
2891,25.313178333333333,51.45175166666666,0.0,0.0,1561288789830,6,GSM,True,10933,150,427,2,-11,4,0
2892,25.313178333333333,51.45175166666666,0.0,0.0,1561288789830,7,GSM,False,19903,181,427,2,-17,4,0
2893,25.313178333333333,51.45175166666666,0.0,0.0,1561288789830,8,GSM,False,10932,150,427,2,-23,4,0
2894,25.313178333333333,51.45175166666666,0.0,0.0,1561288789830,9,GSM,False,19901,181,427,2,-35,4,0
2895,25.313178333333333,51.45175166666666,0.0,0.0,1561288789830,10,GSM,False,10931,150,427,2,-41,4,0
2896,25.313178333333333,51.45175166666666,0.0,0.0,1561288789830,11,GSM,False,10841,181,427,2,-47,4,0
2897,25.313178333333333,51.45175166666666,0.0,0.0,1561288789830,12,GSM,False,11002,150,427,2,-65,4,0
2898,25.313178333333333,51.45175166666666,0.0,0.0,1561288798166,1,GSM,False,21262,9301,427,1,-1,4,0
2899,25.313178333333333,51.45175166666666,0.0,0.0,1561288798166,4,GSM,False,21261,9301,427,1,-51,4,0
2900,25.313178333333333,51.45175166666666,0.0,0.0,1561288798166,12,GSM,False,10242,150,427,2,-53,4,0
2901,25.312675,51.450811666666674,0.0,0.0,1561288802770,0,GSM,True,21262,9301,427,1,-5,4,0
2902,25.312675,51.450811666666674,0.0,0.0,1561288802770,1,GSM,False,43981,9302,427,1,-25,4,0
2903,25.312675,51.450811666666674,0.0,0.0,1561288802770,2,GSM,False,21261,9301,427,1,-43,4,0
2904,25.312675,51.450811666666674,0.0,0.0,1561288802770,3,GSM,False,40851,9302,427,1,-45,4,0
2905,25.312675,51.450811666666674,0.0,0.0,1561288802770,4,GSM,False,40853,9302,427,1,-61,4,0
2906,25.312675,51.450811666666674,0.0,0.0,1561288802770,5,GSM,True,10933,150,427,2,-19,4,0
2907,25.312675,51.450811666666674,0.0,0.0,1561288802770,6,GSM,False,19901,181,427,2,-21,4,0
2908,25.312675,51.450811666666674,0.0,0.0,1561288802770,7,GSM,False,19903,181,427,2,-23,4,0
2909,25.312675,51.450811666666674,0.0,0.0,1561288802770,8,GSM,False,10932,150,427,2,-23,4,0
2910,25.312675,51.450811666666674,0.0,0.0,1561288802770,9,GSM,False,10931,150,427,2,-47,4,0
2911,25.312675,51.450811666666674,0.0,0.0,1561288802770,10,GSM,False,10841,181,427,2,-49,4,0
2912,25.312675,51.450811666666674,0.0,0.0,1561288802770,11,GSM,False,10242,150,427,2,-53,4,0
2913,25.312675,51.450811666666674,0.0,0.0,1561288807597,1,GSM,False,21263,9301,427,1,-33,4,0
2914,25.312675,51.450811666666674,0.0,0.0,1561288807597,4,GSM,False,29282,9301,427,1,-51,4,0
2915,25.313146666666665,51.45032333333334,0.0,0.0,1561288812827,0,GSM,True,21262,9301,427,1,-33,4,0
2916,25.313146666666665,51.45032333333334,0.0,0.0,1561288812827,1,GSM,False,43981,9302,427,1,-31,4,0
2917,25.313146666666665,51.45032333333334,0.0,0.0,1561288812827,2,GSM,False,21263,9301,427,1,-39,4,0
2918,25.313146666666665,51.45032333333334,0.0,0.0,1561288812827,3,GSM,False,29282,9301,427,1,-47,4,0
2919,25.313146666666665,51.45032333333334,0.0,0.0,1561288812827,4,GSM,False,21261,9301,427,1,-49,4,0
2920,25.313146666666665,51.45032333333334,0.0,0.0,1561288812827,5,GSM,False,40851,9302,427,1,-53,4,0
2921,25.313146666666665,51.45032333333334,0.0,0.0,1561288812827,6,GSM,False,40853,9302,427,1,-65,4,0
2922,25.313146666666665,51.45032333333334,0.0,0.0,1561288812827,7,GSM,True,10933,150,427,2,-19,4,0
2923,25.313146666666665,51.45032333333334,0.0,0.0,1561288812827,8,GSM,False,19901,181,427,2,-15,4,0
2924,25.313146666666665,51.45032333333334,0.0,0.0,1561288812827,9,GSM,False,10932,150,427,2,-17,4,0
2925,25.313146666666665,51.45032333333334,0.0,0.0,1561288812827,10,GSM,False,19903,181,427,2,-27,4,0
2926,25.313146666666665,51.45032333333334,0.0,0.0,1561288812827,11,GSM,False,10931,150,427,2,-49,4,0
2927,25.313146666666665,51.45032333333334,0.0,0.0,1561288812827,12,GSM,False,10841,181,427,2,-53,4,0
2928,25.313146666666665,51.45032333333334,0.0,0.0,1561288812827,13,GSM,False,10242,150,427,2,-53,4,0
2929,25.3132,51.450225,0.0,0.0,1561288814270,0,GSM,True,21262,9301,427,1,-33,4,0
2930,25.3132,51.450225,0.0,0.0,1561288814270,1,GSM,False,43981,9302,427,1,-31,4,0
2931,25.3132,51.450225,0.0,0.0,1561288814270,2,GSM,False,21263,9301,427,1,-39,4,0
2932,25.3132,51.450225,0.0,0.0,1561288814270,3,GSM,False,29282,9301,427,1,-47,4,0
2933,25.3132,51.450225,0.0,0.0,1561288814270,4,GSM,False,21261,9301,427,1,-49,4,0
2934,25.3132,51.450225,0.0,0.0,1561288814270,5,GSM,False,40851,9302,427,1,-53,4,0
2935,25.3132,51.450225,0.0,0.0,1561288814270,6,GSM,False,40853,9302,427,1,-65,4,0
2936,25.3132,51.450225,0.0,0.0,1561288814270,7,GSM,True,10933,150,427,2,-23,4,0
2937,25.3132,51.450225,0.0,0.0,1561288814270,8,GSM,False,10932,150,427,2,-23,4,0
2938,25.3132,51.450225,0.0,0.0,1561288814270,9,GSM,False,19901,181,427,2,-23,4,0
2939,25.3132,51.450225,0.0,0.0,1561288814270,10,GSM,False,19903,181,427,2,-33,4,0
2940,25.3132,51.450225,0.0,0.0,1561288814270,11,GSM,False,10242,150,427,2,-49,4,0
2941,25.3132,51.450225,0.0,0.0,1561288814270,12,GSM,False,10841,181,427,2,-51,4,0
2942,25.3132,51.450225,0.0,0.0,1561288814270,13,GSM,False,10931,150,427,2,-53,4,0
2943,25.31340833333333,51.45002,0.0,0.0,1561288828476,0,GSM,True,21262,9301,427,1,-29,4,0
2944,25.31340833333333,51.45002,0.0,0.0,1561288828476,1,GSM,False,43981,9302,427,1,-29,4,0
2945,25.31340833333333,51.45002,0.0,0.0,1561288828476,2,GSM,False,21263,9301,427,1,-29,4,0
2946,25.31340833333333,51.45002,0.0,0.0,1561288828476,3,GSM,False,40851,9302,427,1,-35,4,0
2947,25.31340833333333,51.45002,0.0,0.0,1561288828476,4,GSM,False,21233,9301,427,1,-51,4,0
2948,25.31340833333333,51.45002,0.0,0.0,1561288828476,5,GSM,False,29282,9301,427,1,-55,4,0
2949,25.31340833333333,51.45002,0.0,0.0,1561288828476,6,GSM,False,23933,9301,427,1,-55,4,0
2950,25.31340833333333,51.45002,0.0,0.0,1561288828476,7,GSM,True,10933,150,427,2,-33,4,0
2951,25.31340833333333,51.45002,0.0,0.0,1561288828476,8,GSM,False,19903,181,427,2,-23,4,0
2952,25.31340833333333,51.45002,0.0,0.0,1561288828476,9,GSM,False,10932,150,427,2,-33,4,0
2953,25.31340833333333,51.45002,0.0,0.0,1561288828476,10,GSM,False,19901,181,427,2,-35,4,0
2954,25.31340833333333,51.45002,0.0,0.0,1561288828476,11,GSM,False,10841,181,427,2,-41,4,0
2955,25.31340833333333,51.45002,0.0,0.0,1561288828476,12,GSM,False,10242,150,427,2,-47,4,0
2956,25.31340833333333,51.45002,0.0,0.0,1561288828476,13,GSM,False,10931,150,427,2,-53,4,0
2957,25.31277,51.448501666666665,0.0,0.0,1561288833291,0,GSM,True,21262,9301,427,1,-35,4,0
2958,25.31277,51.448501666666665,0.0,0.0,1561288833291,1,GSM,False,43981,9302,427,1,-11,4,0
2959,25.31277,51.448501666666665,0.0,0.0,1561288833291,2,GSM,False,21263,9301,427,1,-25,4,0
2960,25.31277,51.448501666666665,0.0,0.0,1561288833291,3,GSM,False,40851,9302,427,1,-37,4,0
2961,25.31277,51.448501666666665,0.0,0.0,1561288833291,4,GSM,False,23933,9301,427,1,-53,4,0
2962,25.31277,51.448501666666665,0.0,0.0,1561288833291,5,GSM,False,21233,9301,427,1,-55,4,0
2963,25.31277,51.448501666666665,0.0,0.0,1561288833291,6,GSM,False,29282,9301,427,1,-57,4,0
2964,25.31277,51.448501666666665,0.0,0.0,1561288833291,7,GSM,True,10933,150,427,2,-33,4,0
2965,25.31277,51.448501666666665,0.0,0.0,1561288833291,8,GSM,False,19903,181,427,2,-23,4,0
2966,25.31277,51.448501666666665,0.0,0.0,1561288833291,9,GSM,False,10932,150,427,2,-33,4,0
2967,25.31277,51.448501666666665,0.0,0.0,1561288833291,10,GSM,False,19901,181,427,2,-35,4,0
2968,25.31277,51.448501666666665,0.0,0.0,1561288833291,11,GSM,False,10841,181,427,2,-41,4,0
2969,25.31277,51.448501666666665,0.0,0.0,1561288833291,12,GSM,False,10242,150,427,2,-47,4,0
2970,25.31277,51.448501666666665,0.0,0.0,1561288833291,13,GSM,False,10931,150,427,2,-53,4,0
2971,25.31272,51.44840666666667,0.0,0.0,1561288833459,0,GSM,True,21262,9301,427,1,-35,4,0
2972,25.31272,51.44840666666667,0.0,0.0,1561288833459,1,GSM,False,43981,9302,427,1,-11,4,0
2973,25.31272,51.44840666666667,0.0,0.0,1561288833459,2,GSM,False,21263,9301,427,1,-25,4,0
2974,25.31272,51.44840666666667,0.0,0.0,1561288833459,3,GSM,False,40851,9302,427,1,-37,4,0
2975,25.31272,51.44840666666667,0.0,0.0,1561288833459,4,GSM,False,23933,9301,427,1,-53,4,0
2976,25.31272,51.44840666666667,0.0,0.0,1561288833459,5,GSM,False,21233,9301,427,1,-55,4,0
2977,25.31272,51.44840666666667,0.0,0.0,1561288833459,6,GSM,False,29282,9301,427,1,-57,4,0
2978,25.31272,51.44840666666667,0.0,0.0,1561288833459,7,GSM,True,10933,150,427,2,-33,4,0
2979,25.31272,51.44840666666667,0.0,0.0,1561288833459,8,GSM,False,19903,181,427,2,-23,4,0
2980,25.31272,51.44840666666667,0.0,0.0,1561288833459,9,GSM,False,10932,150,427,2,-33,4,0
2981,25.31272,51.44840666666667,0.0,0.0,1561288833459,10,GSM,False,19901,181,427,2,-35,4,0
2982,25.31272,51.44840666666667,0.0,0.0,1561288833459,11,GSM,False,10841,181,427,2,-41,4,0
2983,25.31272,51.44840666666667,0.0,0.0,1561288833459,12,GSM,False,10242,150,427,2,-47,4,0
2984,25.31272,51.44840666666667,0.0,0.0,1561288833459,13,GSM,False,10931,150,427,2,-53,4,0
2985,25.31261333333333,51.448135,0.0,0.0,1561288837989,0,GSM,True,21262,9301,427,1,-35,4,0
2986,25.31261333333333,51.448135,0.0,0.0,1561288837989,1,GSM,False,43981,9302,427,1,-11,4,0
2987,25.31261333333333,51.448135,0.0,0.0,1561288837989,2,GSM,False,21263,9301,427,1,-25,4,0
2988,25.31261333333333,51.448135,0.0,0.0,1561288837989,3,GSM,False,40851,9302,427,1,-37,4,0
2989,25.31261333333333,51.448135,0.0,0.0,1561288837989,4,GSM,False,23933,9301,427,1,-53,4,0
2990,25.31261333333333,51.448135,0.0,0.0,1561288837989,5,GSM,False,21233,9301,427,1,-55,4,0
2991,25.31261333333333,51.448135,0.0,0.0,1561288837989,6,GSM,False,29282,9301,427,1,-57,4,0
2992,25.31261333333333,51.448135,0.0,0.0,1561288837989,7,GSM,True,10932,150,427,2,-31,4,0
2993,25.31261333333333,51.448135,0.0,0.0,1561288837989,8,GSM,False,19903,181,427,2,-7,4,0
2994,25.31261333333333,51.448135,0.0,0.0,1561288837989,9,GSM,False,19901,181,427,2,-17,4,0
2995,25.31261333333333,51.448135,0.0,0.0,1561288837989,10,GSM,False,10942,150,427,2,-47,4,0
2996,25.31261333333333,51.448135,0.0,0.0,1561288837989,11,GSM,False,10841,181,427,2,-53,4,0
2997,25.31261333333333,51.448135,0.0,0.0,1561288837989,12,GSM,False,10931,150,427,2,-53,4,0
2998,25.31261333333333,51.448135,0.0,0.0,1561288837989,13,GSM,False,11002,150,427,2,-65,4,0
2999,25.311911666666667,51.44668166666667,0.0,0.0,1561288854249,0,GSM,True,43981,9302,427,1,5,4,0
3000,25.311911666666667,51.44668166666667,0.0,0.0,1561288854249,1,GSM,False,43982,9302,427,1,-41,4,0
3001,25.311911666666667,51.44668166666667,0.0,0.0,1561288854249,2,GSM,False,22061,9302,427,1,-49,4,0
3002,25.311911666666667,51.44668166666667,0.0,0.0,1561288854249,3,GSM,False,43983,9302,427,1,-49,4,0
3003,25.311911666666667,51.44668166666667,0.0,0.0,1561288854249,4,GSM,False,21262,9301,427,1,-49,4,0
3004,25.311911666666667,51.44668166666667,0.0,0.0,1561288854249,5,GSM,True,10932,150,427,2,-41,4,0
3005,25.311911666666667,51.44668166666667,0.0,0.0,1561288854249,6,GSM,False,19903,181,427,2,13,4,0
3006,25.311911666666667,51.44668166666667,0.0,0.0,1561288854249,7,GSM,False,19901,181,427,2,-29,4,0
3007,25.311911666666667,51.44668166666667,0.0,0.0,1561288854249,8,GSM,False,10933,150,427,2,-49,4,0
3008,25.311911666666667,51.44668166666667,0.0,0.0,1561288854249,9,GSM,False,10841,181,427,2,-59,4,0
3009,25.31102166666667,51.44471166666667,0.0,0.0,1561288863147,0,GSM,True,43981,9302,427,1,-3,4,0
3010,25.31102166666667,51.44471166666667,0.0,0.0,1561288863147,1,GSM,False,22242,9301,427,1,-41,4,0
3011,25.31102166666667,51.44471166666667,0.0,0.0,1561288863147,2,GSM,False,43982,9302,427,1,-41,4,0
3012,25.31102166666667,51.44471166666667,0.0,0.0,1561288863147,3,GSM,False,43983,9302,427,1,-51,4,0
3013,25.31102166666667,51.44471166666667,0.0,0.0,1561288863147,4,GSM,False,40853,9302,427,1,-53,4,0
3014,25.31102166666667,51.44471166666667,0.0,0.0,1561288863147,5,GSM,True,19903,181,427,2,-35,4,0
3015,25.31102166666667,51.44471166666667,0.0,0.0,1561288863147,6,GSM,False,11241,181,427,2,-41,4,0
3016,25.31102166666667,51.44471166666667,0.0,0.0,1561288863147,7,GSM,False,10892,181,427,2,-47,4,0
3017,25.31102166666667,51.44471166666667,0.0,0.0,1561288863147,8,GSM,False,10242,150,427,2,-55,4,0
3018,25.31102166666667,51.44471166666667,0.0,0.0,1561288863147,9,GSM,False,19902,181,427,2,-61,4,0
3019,25.31102166666667,51.44471166666667,0.0,0.0,1561288863147,10,GSM,False,10891,181,427,2,-63,4,0
3020,25.31102166666667,51.44471166666667,0.0,0.0,1561288863147,11,GSM,False,61942,181,427,2,-89,4,0
3021,25.31102166666667,51.44471166666667,0.0,0.0,1561288871737,2,GSM,False,40851,9302,427,1,-45,4,0
3022,25.31242333333333,51.44392333333334,0.0,0.0,1561288876524,0,GSM,True,43981,9302,427,1,-11,4,0
3023,25.31242333333333,51.44392333333334,0.0,0.0,1561288876524,1,GSM,False,40853,9302,427,1,-35,4,0
3024,25.31242333333333,51.44392333333334,0.0,0.0,1561288876524,2,GSM,False,43982,9302,427,1,-43,4,0
3025,25.31242333333333,51.44392333333334,0.0,0.0,1561288876524,3,GSM,False,22242,9301,427,1,-45,4,0
3026,25.31242333333333,51.44392333333334,0.0,0.0,1561288876524,4,GSM,False,40851,9302,427,1,-55,4,0
3027,25.31242333333333,51.44392333333334,0.0,0.0,1561288876524,5,GSM,False,43983,9302,427,1,-59,4,0
3028,25.31242333333333,51.44392333333334,0.0,0.0,1561288876524,6,GSM,True,19903,181,427,2,-17,4,0
3029,25.31242333333333,51.44392333333334,0.0,0.0,1561288876524,7,GSM,False,10892,181,427,2,-15,4,0
3030,25.31242333333333,51.44392333333334,0.0,0.0,1561288876524,8,GSM,False,10891,181,427,2,-43,4,0
3031,25.31242333333333,51.44392333333334,0.0,0.0,1561288876524,9,GSM,False,11241,181,427,2,-45,4,0
3032,25.31242333333333,51.44392333333334,0.0,0.0,1561288876524,10,GSM,False,10242,150,427,2,-49,4,0
3033,25.31242333333333,51.44392333333334,0.0,0.0,1561288876524,11,GSM,False,19902,181,427,2,-57,4,0
3034,25.31242333333333,51.44392333333334,0.0,0.0,1561288876524,12,GSM,False,61942,181,427,2,-101,2,0
3035,25.31242333333333,51.44392333333334,0.0,0.0,1561288884642,5,GSM,False,42442,9301,427,1,-59,4,0
3036,25.31242333333333,51.44392333333334,0.0,0.0,1561288884642,9,GSM,False,10893,181,427,2,-37,4,0
3037,25.313794999999995,51.44274666666667,0.0,0.0,1561288898388,0,GSM,True,43981,9302,427,1,-19,4,0
3038,25.313794999999995,51.44274666666667,0.0,0.0,1561288898388,1,GSM,False,40853,9302,427,1,-45,4,0
3039,25.313794999999995,51.44274666666667,0.0,0.0,1561288898388,2,GSM,False,42442,9301,427,1,-47,4,0
3040,25.313794999999995,51.44274666666667,0.0,0.0,1561288898388,3,GSM,False,40851,9302,427,1,-49,4,0
3041,25.313794999999995,51.44274666666667,0.0,0.0,1561288898388,4,GSM,False,43983,9302,427,1,-59,4,0
3042,25.313794999999995,51.44274666666667,0.0,0.0,1561288898388,5,GSM,False,43982,9302,427,1,-61,4,0
3043,25.313794999999995,51.44274666666667,0.0,0.0,1561288898388,6,GSM,False,22242,9301,427,1,-65,4,0
3044,25.313794999999995,51.44274666666667,0.0,0.0,1561288898388,7,GSM,True,19903,181,427,2,-17,4,0
3045,25.313794999999995,51.44274666666667,0.0,0.0,1561288898388,8,GSM,False,10892,181,427,2,1,4,0
3046,25.313794999999995,51.44274666666667,0.0,0.0,1561288898388,9,GSM,False,10893,181,427,2,-27,4,0
3047,25.313794999999995,51.44274666666667,0.0,0.0,1561288898388,10,GSM,False,10891,181,427,2,-35,4,0
3048,25.313794999999995,51.44274666666667,0.0,0.0,1561288898388,11,GSM,False,11241,181,427,2,-47,4,0
3049,25.313794999999995,51.44274666666667,0.0,0.0,1561288898388,12,GSM,False,19902,181,427,2,-57,4,0
3050,25.31378666666667,51.44265,0.0,0.0,1561288899356,0,GSM,True,43981,9302,427,1,-19,4,0
3051,25.31378666666667,51.44265,0.0,0.0,1561288899356,1,GSM,False,40853,9302,427,1,-45,4,0
3052,25.31378666666667,51.44265,0.0,0.0,1561288899356,2,GSM,False,42442,9301,427,1,-47,4,0
3053,25.31378666666667,51.44265,0.0,0.0,1561288899356,3,GSM,False,40851,9302,427,1,-49,4,0
3054,25.31378666666667,51.44265,0.0,0.0,1561288899356,4,GSM,False,43983,9302,427,1,-59,4,0
3055,25.31378666666667,51.44265,0.0,0.0,1561288899356,5,GSM,False,43982,9302,427,1,-61,4,0
3056,25.31378666666667,51.44265,0.0,0.0,1561288899356,6,GSM,False,22242,9301,427,1,-65,4,0
3057,25.31378666666667,51.44265,0.0,0.0,1561288899356,7,GSM,True,19903,181,427,2,-17,4,0
3058,25.31378666666667,51.44265,0.0,0.0,1561288899356,8,GSM,False,10892,181,427,2,1,4,0
3059,25.31378666666667,51.44265,0.0,0.0,1561288899356,9,GSM,False,10893,181,427,2,-27,4,0
3060,25.31378666666667,51.44265,0.0,0.0,1561288899356,10,GSM,False,10891,181,427,2,-35,4,0
3061,25.31378666666667,51.44265,0.0,0.0,1561288899356,11,GSM,False,11241,181,427,2,-47,4,0
3062,25.31378666666667,51.44265,0.0,0.0,1561288899356,12,GSM,False,19902,181,427,2,-57,4,0
3063,25.31376,51.442351666666674,0.0,0.0,1561288903641,0,GSM,True,43981,9302,427,1,-35,4,0
3064,25.31376,51.442351666666674,0.0,0.0,1561288903641,1,GSM,False,40853,9302,427,1,-53,4,0
3065,25.31376,51.442351666666674,0.0,0.0,1561288903641,2,GSM,False,40851,9302,427,1,-55,4,0
3066,25.31376,51.442351666666674,0.0,0.0,1561288903641,3,GSM,False,43983,9302,427,1,-59,4,0
3067,25.31376,51.442351666666674,0.0,0.0,1561288903641,4,GSM,False,22242,9301,427,1,-59,4,0
3068,25.31376,51.442351666666674,0.0,0.0,1561288903641,5,GSM,False,43982,9302,427,1,-69,4,0
3069,25.31376,51.442351666666674,0.0,0.0,1561288903641,6,GSM,False,42442,9301,427,1,-75,4,0
3070,25.31376,51.442351666666674,0.0,0.0,1561288903641,7,GSM,True,10892,181,427,2,-65,4,0
3071,25.31376,51.442351666666674,0.0,0.0,1561288903641,8,GSM,False,11241,181,427,2,-35,4,0
3072,25.31376,51.442351666666674,0.0,0.0,1561288903641,9,GSM,False,10893,181,427,2,-61,4,0
3073,25.31376,51.442351666666674,0.0,0.0,1561288903641,10,GSM,False,10891,181,427,2,-77,4,0
3074,25.31376,51.442351666666674,0.0,0.0,1561288913333,8,GSM,False,19903,181,427,2,-21,4,0
3075,25.31376,51.442351666666674,0.0,0.0,1561288913333,9,GSM,False,11243,181,427,2,-69,4,0
3076,25.31375166666667,51.441005,0.0,0.0,1561288918677,0,GSM,True,43981,9302,427,1,-39,4,0
3077,25.31375166666667,51.441005,0.0,0.0,1561288918677,1,GSM,False,22242,9301,427,1,-47,4,0
3078,25.31375166666667,51.441005,0.0,0.0,1561288918677,2,GSM,False,40853,9302,427,1,-57,4,0
3079,25.31375166666667,51.441005,0.0,0.0,1561288918677,3,GSM,False,42442,9301,427,1,-57,4,0
3080,25.31375166666667,51.441005,0.0,0.0,1561288918677,4,GSM,False,43983,9302,427,1,-59,4,0
3081,25.31375166666667,51.441005,0.0,0.0,1561288918677,5,GSM,False,40851,9302,427,1,-61,4,0
3082,25.31375166666667,51.441005,0.0,0.0,1561288918677,6,GSM,False,43982,9302,427,1,-69,4,0
3083,25.31375166666667,51.441005,0.0,0.0,1561288918677,7,GSM,True,11241,181,427,2,-45,4,0
3084,25.31375166666667,51.441005,0.0,0.0,1561288918677,8,GSM,False,19903,181,427,2,-21,4,0
3085,25.31375166666667,51.441005,0.0,0.0,1561288918677,9,GSM,False,11243,181,427,2,-69,4,0
3086,25.31375166666667,51.441005,0.0,0.0,1561288923898,8,GSM,False,10892,181,427,2,-45,4,0
3087,25.31375166666667,51.441005,0.0,0.0,1561288928574,7,GSM,False,10893,181,427,2,-33,4,0
3088,25.313755,51.43996166666668,0.0,0.0,1561288933539,0,GSM,True,43981,9302,427,1,-45,4,0
3089,25.313755,51.43996166666668,0.0,0.0,1561288933539,1,GSM,False,43983,9302,427,1,-45,4,0
3090,25.313755,51.43996166666668,0.0,0.0,1561288933539,2,GSM,False,42442,9301,427,1,-45,4,0
3091,25.313755,51.43996166666668,0.0,0.0,1561288933539,3,GSM,False,22242,9301,427,1,-49,4,0
3092,25.313755,51.43996166666668,0.0,0.0,1561288933539,4,GSM,False,26661,9302,427,1,-63,4,0
3093,25.313755,51.43996166666668,0.0,0.0,1561288933539,5,GSM,False,40853,9302,427,1,-65,4,0
3094,25.313755,51.43996166666668,0.0,0.0,1561288933539,6,GSM,False,43982,9302,427,1,-71,4,0
3095,25.313755,51.43996166666668,0.0,0.0,1561288933539,7,GSM,True,19903,181,427,2,-23,4,0
3096,25.313755,51.43996166666668,0.0,0.0,1561288933539,8,GSM,False,10893,181,427,2,-33,4,0
3097,25.313755,51.43996166666668,0.0,0.0,1561288933539,9,GSM,False,10892,181,427,2,-35,4,0
3098,25.313755,51.43996166666668,0.0,0.0,1561288933539,10,GSM,False,11241,181,427,2,-45,4,0
3099,25.313746666666663,51.438770000000005,0.0,0.0,1561288943650,0,GSM,True,43981,9302,427,1,-59,4,0
3100,25.313746666666663,51.438770000000005,0.0,0.0,1561288943650,1,GSM,False,22242,9301,427,1,-19,4,0
3101,25.313746666666663,51.438770000000005,0.0,0.0,1561288943650,2,GSM,False,43983,9302,427,1,-47,4,0
3102,25.313746666666663,51.438770000000005,0.0,0.0,1561288943650,3,GSM,False,40853,9302,427,1,-59,4,0
3103,25.313746666666663,51.438770000000005,0.0,0.0,1561288943650,4,GSM,False,42442,9301,427,1,-61,4,0
3104,25.313746666666663,51.438770000000005,0.0,0.0,1561288943650,5,GSM,False,43982,9302,427,1,-69,4,0
3105,25.313746666666663,51.438770000000005,0.0,0.0,1561288943650,6,GSM,False,26661,9302,427,1,-71,4,0
3106,25.313746666666663,51.438770000000005,0.0,0.0,1561288943650,7,GSM,True,19903,181,427,2,-33,4,0
3107,25.313746666666663,51.438770000000005,0.0,0.0,1561288943650,8,GSM,False,10892,181,427,2,-29,4,0
3108,25.313746666666663,51.438770000000005,0.0,0.0,1561288943650,9,GSM,False,10893,181,427,2,-31,4,0
3109,25.313746666666663,51.438770000000005,0.0,0.0,1561288943650,10,GSM,False,11241,181,427,2,-47,4,0
3110,25.31378666666667,51.43837,0.0,0.0,1561288948506,0,GSM,True,43981,9302,427,1,-59,4,0
3111,25.31378666666667,51.43837,0.0,0.0,1561288948506,1,GSM,False,22242,9301,427,1,-19,4,0
3112,25.31378666666667,51.43837,0.0,0.0,1561288948506,2,GSM,False,43983,9302,427,1,-47,4,0
3113,25.31378666666667,51.43837,0.0,0.0,1561288948506,3,GSM,False,40853,9302,427,1,-59,4,0
3114,25.31378666666667,51.43837,0.0,0.0,1561288948506,4,GSM,False,42442,9301,427,1,-61,4,0
3115,25.31378666666667,51.43837,0.0,0.0,1561288948506,5,GSM,False,43982,9302,427,1,-69,4,0
3116,25.31378666666667,51.43837,0.0,0.0,1561288948506,6,GSM,False,26661,9302,427,1,-71,4,0
3117,25.31378666666667,51.43837,0.0,0.0,1561288948506,7,GSM,True,10892,181,427,2,-53,4,0
3118,25.31378666666667,51.43837,0.0,0.0,1561288948506,8,GSM,False,10893,181,427,2,-51,4,0
3119,25.31378666666667,51.43837,0.0,0.0,1561288948506,9,GSM,False,11241,181,427,2,-59,4,0
3120,25.31378666666667,51.43837,0.0,0.0,1561288971462,1,GSM,True,19903,181,427,2,-47,4,0
3121,25.31388666666667,51.437311666666666,0.0,0.0,1561288972242,0,GSM,True,22242,9301,427,1,-7,4,0
3122,25.31388666666667,51.437311666666666,0.0,0.0,1561288972242,1,GSM,True,19903,181,427,2,-47,4,0
3123,25.313781666666667,51.43675,0.0,0.0,1561288980791,0,GSM,True,22242,9301,427,1,-9,4,0
3124,25.313781666666667,51.43675,0.0,0.0,1561288980791,1,GSM,False,29581,9301,427,1,-43,4,0
3125,25.313781666666667,51.43675,0.0,0.0,1561288980791,2,GSM,False,43983,9302,427,1,-47,4,0
3126,25.313781666666667,51.43675,0.0,0.0,1561288980791,3,GSM,False,22241,9301,427,1,-51,4,0
3127,25.313781666666667,51.43675,0.0,0.0,1561288980791,4,GSM,False,43981,9302,427,1,-59,4,0
3128,25.313781666666667,51.43675,0.0,0.0,1561288980791,5,GSM,True,19903,181,427,2,-57,4,0
3129,25.313781666666667,51.43675,0.0,0.0,1561288985864,3,GSM,False,40461,9301,427,1,-55,4,0
3130,25.313781666666667,51.43675,0.0,0.0,1561288985864,6,GSM,False,22243,9301,427,1,-69,4,0
3131,25.314775,51.436185,0.0,0.0,1561288996242,0,GSM,True,22242,9301,427,1,-19,4,0
3132,25.314775,51.436185,0.0,0.0,1561288996242,1,GSM,False,22241,9301,427,1,-51,4,0
3133,25.314775,51.436185,0.0,0.0,1561288996242,2,GSM,False,29581,9301,427,1,-55,4,0
3134,25.314775,51.436185,0.0,0.0,1561288996242,3,GSM,False,40461,9301,427,1,-59,4,0
3135,25.314775,51.436185,0.0,0.0,1561288996242,4,GSM,False,43983,9302,427,1,-67,4,0
3136,25.314775,51.436185,0.0,0.0,1561288996242,5,GSM,False,43981,9302,427,1,-67,4,0
3137,25.314775,51.436185,0.0,0.0,1561288996242,6,GSM,False,29871,9301,427,1,-71,4,0
3138,25.314775,51.436185,0.0,0.0,1561288996242,7,GSM,True,19903,181,427,2,-51,4,0
3139,25.314775,51.436185,0.0,0.0,1561288996242,8,GSM,False,11241,181,427,2,-67,4,0
3140,25.314775,51.436185,0.0,0.0,1561288996242,9,GSM,False,19902,181,427,2,-71,4,0
3141,25.314775,51.436185,0.0,0.0,1561289001333,6,GSM,False,42443,9301,427,1,-67,4,0
3142,25.31505666666667,51.43569166666666,0.0,0.0,1561289007213,0,GSM,True,22242,9301,427,1,-1,4,0
3143,25.31505666666667,51.43569166666666,0.0,0.0,1561289007213,1,GSM,False,29581,9301,427,1,-45,4,0
3144,25.31505666666667,51.43569166666666,0.0,0.0,1561289007213,2,GSM,False,42443,9301,427,1,-55,4,0
3145,25.31505666666667,51.43569166666666,0.0,0.0,1561289007213,3,GSM,False,22241,9301,427,1,-55,4,0
3146,25.31505666666667,51.43569166666666,0.0,0.0,1561289007213,4,GSM,False,43983,9302,427,1,-57,4,0
3147,25.31505666666667,51.43569166666666,0.0,0.0,1561289007213,5,GSM,False,40461,9301,427,1,-63,4,0
3148,25.31505666666667,51.43569166666666,0.0,0.0,1561289007213,6,GSM,False,43981,9302,427,1,-65,4,0
3149,25.31505666666667,51.43569166666666,0.0,0.0,1561289007213,7,GSM,True,19903,181,427,2,-57,4,0
3150,25.31505666666667,51.43569166666666,0.0,0.0,1561289007213,8,GSM,False,11241,181,427,2,-65,4,0
3151,25.31505666666667,51.43569166666666,0.0,0.0,1561289007213,9,GSM,False,19902,181,427,2,-71,4,0
3152,25.31489333333333,51.43546333333334,0.0,0.0,1561289011785,0,GSM,True,22242,9301,427,1,-17,4,0
3153,25.31489333333333,51.43546333333334,0.0,0.0,1561289011785,1,GSM,False,29581,9301,427,1,-45,4,0
3154,25.31489333333333,51.43546333333334,0.0,0.0,1561289011785,2,GSM,False,42443,9301,427,1,-53,4,0
3155,25.31489333333333,51.43546333333334,0.0,0.0,1561289011785,3,GSM,False,22241,9301,427,1,-53,4,0
3156,25.31489333333333,51.43546333333334,0.0,0.0,1561289011785,4,GSM,False,43983,9302,427,1,-55,4,0
3157,25.31489333333333,51.43546333333334,0.0,0.0,1561289011785,5,GSM,False,22243,9301,427,1,-63,4,0
3158,25.31489333333333,51.43546333333334,0.0,0.0,1561289011785,6,GSM,False,40461,9301,427,1,-63,4,0
3159,25.31489333333333,51.43546333333334,0.0,0.0,1561289011785,7,GSM,True,19903,181,427,2,-55,4,0
3160,25.31489333333333,51.43546333333334,0.0,0.0,1561289011785,8,GSM,False,11241,181,427,2,-69,4,0
3161,25.31489333333333,51.43546333333334,0.0,0.0,1561289011785,9,GSM,False,19902,181,427,2,-75,4,0
3162,25.31489333333333,51.43546333333334,0.0,0.0,1561289016529,10,GSM,False,60462,181,427,2,-89,4,0
3163,25.31489333333333,51.43546333333334,0.0,0.0,1561289021756,8,GSM,False,10893,181,427,2,-49,4,0
3164,25.314441666666667,51.43421,0.0,0.0,1561289026948,0,GSM,True,22242,9301,427,1,-43,4,0
3165,25.314441666666667,51.43421,0.0,0.0,1561289026948,1,GSM,False,22243,9301,427,1,-43,4,0
3166,25.314441666666667,51.43421,0.0,0.0,1561289026948,2,GSM,False,40461,9301,427,1,-47,4,0
3167,25.314441666666667,51.43421,0.0,0.0,1561289026948,3,GSM,False,22241,9301,427,1,-57,4,0
3168,25.314441666666667,51.43421,0.0,0.0,1561289026948,4,GSM,False,29581,9301,427,1,-61,4,0
3169,25.314441666666667,51.43421,0.0,0.0,1561289026948,5,GSM,False,42443,9301,427,1,-63,4,0
3170,25.314441666666667,51.43421,0.0,0.0,1561289026948,6,GSM,False,43983,9302,427,1,-69,4,0
3171,25.314441666666667,51.43421,0.0,0.0,1561289026948,7,GSM,True,19903,181,427,2,-59,4,0
3172,25.314441666666667,51.43421,0.0,0.0,1561289026948,8,GSM,False,10893,181,427,2,-49,4,0
3173,25.314441666666667,51.43421,0.0,0.0,1561289026948,9,GSM,False,11241,181,427,2,-57,4,0
3174,25.314441666666667,51.43421,0.0,0.0,1561289026948,10,GSM,False,60462,181,427,2,-79,4,0
3175,25.31432,51.43377333333333,0.0,0.0,1561289031577,0,GSM,True,22242,9301,427,1,-43,4,0
3176,25.31432,51.43377333333333,0.0,0.0,1561289031577,1,GSM,False,22243,9301,427,1,-43,4,0
3177,25.31432,51.43377333333333,0.0,0.0,1561289031577,2,GSM,False,40461,9301,427,1,-49,4,0
3178,25.31432,51.43377333333333,0.0,0.0,1561289031577,3,GSM,False,22241,9301,427,1,-59,4,0
3179,25.31432,51.43377333333333,0.0,0.0,1561289031577,4,GSM,False,42443,9301,427,1,-61,4,0
3180,25.31432,51.43377333333333,0.0,0.0,1561289031577,5,GSM,False,29581,9301,427,1,-63,4,0
3181,25.31432,51.43377333333333,0.0,0.0,1561289031577,6,GSM,False,43983,9302,427,1,-71,4,0
3182,25.31432,51.43377333333333,0.0,0.0,1561289031577,7,GSM,True,10893,181,427,2,-45,4,0
3183,25.31432,51.43377333333333,0.0,0.0,1561289037021,8,GSM,False,10902,181,427,2,-41,4,0
3184,25.31432,51.43377333333333,0.0,0.0,1561289037021,9,GSM,False,10903,181,427,2,-63,4,0
3185,25.31432,51.43377333333333,0.0,0.0,1561289037021,10,GSM,False,10282,150,427,2,-75,4,0
3186,25.31432,51.43377333333333,0.0,0.0,1561289037021,11,GSM,False,60462,181,427,2,-75,4,0
3187,25.31432,51.43377333333333,0.0,0.0,1561289037021,12,GSM,False,60461,181,427,2,-79,4,0
3188,25.31432,51.43377333333333,0.0,0.0,1561289037021,13,GSM,False,52002,181,427,2,-83,4,0
3189,25.31370666666667,51.43193166666666,0.0,0.0,1561289050367,0,GSM,True,29581,9301,427,1,-59,4,0
3190,25.31370666666667,51.43193166666666,0.0,0.0,1561289050367,1,GSM,False,22243,9301,427,1,-37,4,0
3191,25.31370666666667,51.43193166666666,0.0,0.0,1561289050367,2,GSM,False,43983,9302,427,1,-57,4,0
3192,25.31370666666667,51.43193166666666,0.0,0.0,1561289050367,3,GSM,False,42443,9301,427,1,-59,4,0
3193,25.31370666666667,51.43193166666666,0.0,0.0,1561289050367,4,GSM,False,29871,9301,427,1,-71,4,0
3194,25.31370666666667,51.43193166666666,0.0,0.0,1561289050367,5,GSM,False,22241,9301,427,1,-71,4,0
3195,25.31370666666667,51.43193166666666,0.0,0.0,1561289050367,6,GSM,False,43981,9302,427,1,-71,4,0
3196,25.31370666666667,51.43193166666666,0.0,0.0,1561289050367,7,GSM,True,10893,181,427,2,-61,4,0
3197,25.31370666666667,51.43193166666666,0.0,0.0,1561289050367,8,GSM,False,10902,181,427,2,-45,4,0
3198,25.31370666666667,51.43193166666666,0.0,0.0,1561289050367,9,GSM,False,10903,181,427,2,-73,4,0
3199,25.31370666666667,51.43193166666666,0.0,0.0,1561289050367,10,GSM,False,60462,181,427,2,-77,4,0
3200,25.31370666666667,51.43193166666666,0.0,0.0,1561289050367,11,GSM,False,10282,150,427,2,-77,4,0
3201,25.31370666666667,51.43193166666666,0.0,0.0,1561289050367,12,GSM,False,52002,181,427,2,-81,4,0
3202,25.31370666666667,51.43193166666666,0.0,0.0,1561289050367,13,GSM,False,60461,181,427,2,-83,4,0
3203,25.31370666666667,51.43193166666666,0.0,0.0,1561289050572,2,GSM,False,22242,9301,427,1,-55,4,0
3204,25.31370666666667,51.43193166666666,0.0,0.0,1561289052850,6,GSM,False,22251,9301,427,1,-69,4,0
3205,25.31370666666667,51.43193166666666,0.0,0.0,1561289062380,6,GSM,False,10871,181,427,2,-29,4,0
3206,25.31326333333333,51.43067166666666,0.0,0.0,1561289065566,0,GSM,True,22243,9301,427,1,-37,4,0
3207,25.31326333333333,51.43067166666666,0.0,0.0,1561289065566,1,GSM,False,40463,9301,427,1,-13,4,0
3208,25.31326333333333,51.43067166666666,0.0,0.0,1561289065566,2,GSM,False,40461,9301,427,1,-25,4,0
3209,25.31326333333333,51.43067166666666,0.0,0.0,1561289065566,3,GSM,False,22252,9301,427,1,-27,4,0
3210,25.31326333333333,51.43067166666666,0.0,0.0,1561289065566,4,GSM,False,22253,9301,427,1,-29,4,0
3211,25.31326333333333,51.43067166666666,0.0,0.0,1561289065566,5,GSM,False,43983,9302,427,1,-53,4,0
3212,25.31326333333333,51.43067166666666,0.0,0.0,1561289065566,6,GSM,False,40462,9301,427,1,-55,4,0
3213,25.31326333333333,51.43067166666666,0.0,0.0,1561289065566,7,GSM,True,10902,181,427,2,-37,4,0
3214,25.31326333333333,51.43067166666666,0.0,0.0,1561289065566,8,GSM,False,10871,181,427,2,-29,4,0
3215,25.31326333333333,51.43067166666666,0.0,0.0,1561289065566,9,GSM,False,10903,181,427,2,-71,4,0
3216,25.31273666666667,51.429095,0.0,0.0,1561289079639,0,GSM,True,10871,181,427,2,-15,4,0
3217,25.31273666666667,51.429095,0.0,0.0,1561289079639,1,GSM,False,10873,181,427,2,-11,4,0
3218,25.31273666666667,51.429095,0.0,0.0,1561289079639,2,GSM,False,10902,181,427,2,-23,4,0
3219,25.31273666666667,51.429095,0.0,0.0,1561289079639,3,GSM,False,10872,181,427,2,-41,4,0
3220,25.31273666666667,51.429095,0.0,0.0,1561289079810,0,GSM,True,40463,9301,427,1,397,4,0
3221,25.31273666666667,51.429095,0.0,0.0,1561289079810,1,GSM,False,40461,9301,427,1,-25,4,0
3222,25.31273666666667,51.429095,0.0,0.0,1561289079810,2,GSM,False,22252,9301,427,1,-27,4,0
3223,25.31273666666667,51.429095,0.0,0.0,1561289079810,3,GSM,False,22253,9301,427,1,-29,4,0
3224,25.31273666666667,51.429095,0.0,0.0,1561289079810,4,GSM,False,40462,9301,427,1,-55,4,0
3225,25.31273666666667,51.429095,0.0,0.0,1561289079810,5,GSM,False,29871,9301,427,1,-69,4,0
3226,25.31273666666667,51.429095,0.0,0.0,1561289079810,6,GSM,False,22251,9301,427,1,-73,4,0
3227,25.312013333333333,51.42843500000001,0.0,0.0,1561289099296,0,GSM,True,40463,9301,427,1,-3,4,0
3228,25.312013333333333,51.42843500000001,0.0,0.0,1561289099296,1,GSM,False,22252,9301,427,1,-45,4,0
3229,25.312013333333333,51.42843500000001,0.0,0.0,1561289099296,2,GSM,False,40461,9301,427,1,-49,4,0
3230,25.312013333333333,51.42843500000001,0.0,0.0,1561289099296,3,GSM,False,40462,9301,427,1,-51,4,0
3231,25.312013333333333,51.42843500000001,0.0,0.0,1561289099296,4,GSM,False,22253,9301,427,1,-57,4,0
3232,25.312013333333333,51.42843500000001,0.0,0.0,1561289099296,5,GSM,False,40703,9301,427,1,-67,4,0
3233,25.312013333333333,51.42843500000001,0.0,0.0,1561289099296,6,GSM,True,10873,181,427,2,-13,4,0
3234,25.312013333333333,51.42843500000001,0.0,0.0,1561289099296,7,GSM,False,10872,181,427,2,-65,4,0
3235,25.312013333333333,51.42843500000001,0.0,0.0,1561289102523,7,GSM,False,10871,181,427,2,-39,4,0
3236,25.310686666666665,51.42900333333333,0.0,0.0,1561289115660,0,GSM,True,40463,9301,427,1,-15,4,0
3237,25.310686666666665,51.42900333333333,0.0,0.0,1561289115660,1,GSM,False,40462,9301,427,1,-27,4,0
3238,25.310686666666665,51.42900333333333,0.0,0.0,1561289115660,2,GSM,False,22252,9301,427,1,-49,4,0
3239,25.310686666666665,51.42900333333333,0.0,0.0,1561289115660,3,GSM,False,40461,9301,427,1,-57,4,0
3240,25.310686666666665,51.42900333333333,0.0,0.0,1561289115660,4,GSM,False,22253,9301,427,1,-61,4,0
3241,25.310686666666665,51.42900333333333,0.0,0.0,1561289115660,5,GSM,False,40703,9301,427,1,-69,4,0
3242,25.310686666666665,51.42900333333333,0.0,0.0,1561289115660,6,GSM,True,10873,181,427,2,11,4,0
3243,25.310686666666665,51.42900333333333,0.0,0.0,1561289115660,7,GSM,False,10871,181,427,2,-29,4,0
3244,25.310686666666665,51.42900333333333,0.0,0.0,1561289115660,8,GSM,False,10872,181,427,2,-51,4,0
3245,25.310686666666665,51.42900333333333,0.0,0.0,1561289120848,4,GSM,False,23301,9302,427,1,-65,4,0
3246,25.30988333333333,51.42810833333333,0.0,0.0,1561289130875,0,GSM,True,40462,9301,427,1,-15,4,0
3247,25.30988333333333,51.42810833333333,0.0,0.0,1561289130875,1,GSM,False,40703,9301,427,1,-49,4,0
3248,25.30988333333333,51.42810833333333,0.0,0.0,1561289130875,2,GSM,False,22252,9301,427,1,-61,4,0
3249,25.30988333333333,51.42810833333333,0.0,0.0,1561289130875,3,GSM,False,22253,9301,427,1,-63,4,0
3250,25.30988333333333,51.42810833333333,0.0,0.0,1561289130875,4,GSM,False,23301,9302,427,1,-67,4,0
3251,25.30988333333333,51.42810833333333,0.0,0.0,1561289130875,5,GSM,False,40461,9301,427,1,-69,4,0
3252,25.30988333333333,51.42810833333333,0.0,0.0,1561289130875,6,GSM,True,10873,181,427,2,13,4,0
3253,25.30988333333333,51.42810833333333,0.0,0.0,1561289130875,7,GSM,False,10871,181,427,2,-7,4,0
3254,25.30988333333333,51.42810833333333,0.0,0.0,1561289130875,8,GSM,False,10872,181,427,2,-29,4,0
3255,25.30988333333333,51.42810833333333,0.0,0.0,1561289140141,2,GSM,False,40463,9301,427,1,-49,4,0
3256,25.30988333333333,51.42810833333333,0.0,0.0,1561289140141,3,GSM,False,29582,9301,427,1,-57,4,0
3257,25.30988333333333,51.42810833333333,0.0,0.0,1561289140141,9,GSM,False,10861,181,427,2,-47,4,0
3258,25.30988333333333,51.42810833333333,0.0,0.0,1561289142548,3,GSM,False,41003,9301,427,1,-59,4,0
3259,25.30930166666667,51.426408333333335,0.0,0.0,1561289150976,0,GSM,True,40462,9301,427,1,-29,4,0
3260,25.30930166666667,51.426408333333335,0.0,0.0,1561289150976,1,GSM,False,22252,9301,427,1,-31,4,0
3261,25.30930166666667,51.426408333333335,0.0,0.0,1561289150976,2,GSM,False,40463,9301,427,1,-49,4,0
3262,25.30930166666667,51.426408333333335,0.0,0.0,1561289150976,3,GSM,False,41003,9301,427,1,-59,4,0
3263,25.30930166666667,51.426408333333335,0.0,0.0,1561289150976,4,GSM,False,29582,9301,427,1,-63,4,0
3264,25.30930166666667,51.426408333333335,0.0,0.0,1561289150976,5,GSM,False,40461,9301,427,1,-67,4,0
3265,25.30930166666667,51.426408333333335,0.0,0.0,1561289150976,6,GSM,False,40703,9301,427,1,-67,4,0
3266,25.30930166666667,51.426408333333335,0.0,0.0,1561289150976,7,GSM,True,10873,181,427,2,-3,4,0
3267,25.30930166666667,51.426408333333335,0.0,0.0,1561289150976,8,GSM,False,10872,181,427,2,-23,4,0
3268,25.30930166666667,51.426408333333335,0.0,0.0,1561289150976,9,GSM,False,10861,181,427,2,-49,4,0
3269,25.30930166666667,51.426408333333335,0.0,0.0,1561289150976,10,GSM,False,10871,181,427,2,-57,4,0
3270,25.30930166666667,51.426408333333335,0.0,0.0,1561289150976,11,GSM,False,19621,181,427,2,-57,4,0
3271,25.30930166666667,51.426408333333335,0.0,0.0,1561289150976,12,GSM,False,11243,181,427,2,-59,4,0
3272,25.309128333333334,51.42577166666667,0.0,0.0,1561289155657,0,GSM,True,40462,9301,427,1,-35,4,0
3273,25.309128333333334,51.42577166666667,0.0,0.0,1561289155657,1,GSM,False,22252,9301,427,1,-27,4,0
3274,25.309128333333334,51.42577166666667,0.0,0.0,1561289155657,2,GSM,False,40463,9301,427,1,-49,4,0
3275,25.309128333333334,51.42577166666667,0.0,0.0,1561289155657,3,GSM,False,41003,9301,427,1,-55,4,0
3276,25.309128333333334,51.42577166666667,0.0,0.0,1561289155657,4,GSM,False,29582,9301,427,1,-63,4,0
3277,25.309128333333334,51.42577166666667,0.0,0.0,1561289155657,5,GSM,False,40461,9301,427,1,-65,4,0
3278,25.309128333333334,51.42577166666667,0.0,0.0,1561289155657,6,GSM,False,22253,9301,427,1,-65,4,0
3279,25.309128333333334,51.42577166666667,0.0,0.0,1561289155657,7,GSM,True,10873,181,427,2,-25,4,0
3280,25.309128333333334,51.42577166666667,0.0,0.0,1561289155657,8,GSM,False,10872,181,427,2,-23,4,0
3281,25.309128333333334,51.42577166666667,0.0,0.0,1561289155657,9,GSM,False,10861,181,427,2,-51,4,0
3282,25.309128333333334,51.42577166666667,0.0,0.0,1561289155657,10,GSM,False,10871,181,427,2,-57,4,0
3283,25.309128333333334,51.42577166666667,0.0,0.0,1561289155657,11,GSM,False,19621,181,427,2,-57,4,0
3284,25.309128333333334,51.42577166666667,0.0,0.0,1561289155657,12,GSM,False,11243,181,427,2,-59,4,0
3285,25.309128333333334,51.42577166666667,0.0,0.0,1561289161000,0,GSM,True,41001,9301,427,1,397,4,0
3286,25.309128333333334,51.42577166666667,0.0,0.0,1561289161000,6,GSM,False,23301,9302,427,1,-69,4,0
3287,25.30948,51.42390666666667,0.0,0.0,1561289171509,0,GSM,True,41001,9301,427,1,-25,4,0
3288,25.30948,51.42390666666667,0.0,0.0,1561289171509,1,GSM,False,40463,9301,427,1,-35,4,0
3289,25.30948,51.42390666666667,0.0,0.0,1561289171509,2,GSM,False,41003,9301,427,1,-37,4,0
3290,25.30948,51.42390666666667,0.0,0.0,1561289171509,3,GSM,False,41002,9301,427,1,-49,4,0
3291,25.30948,51.42390666666667,0.0,0.0,1561289171509,4,GSM,False,22243,9301,427,1,-51,4,0
3292,25.30948,51.42390666666667,0.0,0.0,1561289171509,5,GSM,False,40461,9301,427,1,-53,4,0
3293,25.30948,51.42390666666667,0.0,0.0,1561289171509,6,GSM,False,22253,9301,427,1,-59,4,0
3294,25.30948,51.42390666666667,0.0,0.0,1561289171509,7,GSM,True,10872,181,427,2,-51,4,0
3295,25.30948,51.42390666666667,0.0,0.0,1561289171509,8,GSM,False,10861,181,427,2,-21,4,0
3296,25.30948,51.42390666666667,0.0,0.0,1561289171509,9,GSM,False,10871,181,427,2,-69,4,0
3297,25.30982,51.42346166666666,0.0,0.0,1561289176885,0,GSM,True,41001,9301,427,1,-13,4,0
3298,25.30982,51.42346166666666,0.0,0.0,1561289176885,1,GSM,False,40463,9301,427,1,-37,4,0
3299,25.30982,51.42346166666666,0.0,0.0,1561289176885,2,GSM,False,41003,9301,427,1,-37,4,0
3300,25.30982,51.42346166666666,0.0,0.0,1561289176885,3,GSM,False,22243,9301,427,1,-51,4,0
3301,25.30982,51.42346166666666,0.0,0.0,1561289176885,4,GSM,False,40461,9301,427,1,-53,4,0
3302,25.30982,51.42346166666666,0.0,0.0,1561289176885,5,GSM,False,41002,9301,427,1,-53,4,0
3303,25.30982,51.42346166666666,0.0,0.0,1561289176885,6,GSM,False,23301,9302,427,1,-55,4,0
3304,25.30982,51.42346166666666,0.0,0.0,1561289176885,7,GSM,True,10861,181,427,2,-15,4,0
3305,25.30982,51.42346166666666,0.0,0.0,1561289176885,8,GSM,False,10862,181,427,2,-35,4,0
3306,25.30982,51.42346166666666,0.0,0.0,1561289176885,9,GSM,False,11261,181,427,2,-49,4,0
3307,25.30982,51.42346166666666,0.0,0.0,1561289176885,10,GSM,False,10873,181,427,2,-53,4,0
3308,25.30982,51.42346166666666,0.0,0.0,1561289176885,11,GSM,False,10871,181,427,2,-61,4,0
3309,25.30982,51.42346166666666,0.0,0.0,1561289176885,12,GSM,False,11253,181,427,2,-61,4,0
3310,25.30982,51.42346166666666,0.0,0.0,1561289182001,4,GSM,False,29872,9301,427,1,-55,4,0
3311,25.30982,51.42346166666666,0.0,0.0,1561289182001,6,GSM,False,40703,9301,427,1,-59,4,0
3312,25.30982,51.42346166666666,0.0,0.0,1561289182001,9,GSM,False,10863,181,427,2,-43,4,0
3313,25.30982,51.42346166666666,0.0,0.0,1561289182001,11,GSM,False,15751,1130,427,2,-49,4,0
3314,25.30982,51.42346166666666,0.0,0.0,1561289182001,12,GSM,False,10912,181,427,2,-55,4,0
3315,25.30982,51.42346166666666,0.0,0.0,1561289191388,6,GSM,False,41721,9302,427,1,-57,4,0
3316,25.311295000000005,51.422985,0.0,0.0,1561289191983,0,GSM,True,41001,9301,427,1,-9,4,0
3317,25.311295000000005,51.422985,0.0,0.0,1561289191983,1,GSM,False,41003,9301,427,1,-27,4,0
3318,25.311295000000005,51.422985,0.0,0.0,1561289191983,2,GSM,False,41002,9301,427,1,-31,4,0
3319,25.311295000000005,51.422985,0.0,0.0,1561289191983,3,GSM,False,40463,9301,427,1,-37,4,0
3320,25.311295000000005,51.422985,0.0,0.0,1561289191983,4,GSM,False,29872,9301,427,1,-45,4,0
3321,25.311295000000005,51.422985,0.0,0.0,1561289191983,5,GSM,False,22243,9301,427,1,-51,4,0
3322,25.311295000000005,51.422985,0.0,0.0,1561289191983,6,GSM,False,41721,9302,427,1,-57,4,0
3323,25.311295000000005,51.422985,0.0,0.0,1561289191983,7,GSM,True,10861,181,427,2,-25,4,0
3324,25.311295000000005,51.422985,0.0,0.0,1561289191983,8,GSM,False,10862,181,427,2,-37,4,0
3325,25.311295000000005,51.422985,0.0,0.0,1561289191983,9,GSM,False,10863,181,427,2,-37,4,0
3326,25.311295000000005,51.422985,0.0,0.0,1561289191983,10,GSM,False,11261,181,427,2,-41,4,0
3327,25.311295000000005,51.422985,0.0,0.0,1561289191983,11,GSM,False,10912,181,427,2,-45,4,0
3328,25.311295000000005,51.422985,0.0,0.0,1561289191983,12,GSM,False,15751,1130,427,2,-49,4,0
3329,25.311295000000005,51.422985,0.0,0.0,1561289191983,13,GSM,False,11253,181,427,2,-59,4,0
3330,25.31171833333333,51.422598333333326,0.0,0.0,1561289196867,0,GSM,True,41001,9301,427,1,-39,4,0
3331,25.31171833333333,51.422598333333326,0.0,0.0,1561289196867,1,GSM,False,41003,9301,427,1,-31,4,0
3332,25.31171833333333,51.422598333333326,0.0,0.0,1561289196867,2,GSM,False,41002,9301,427,1,-39,4,0
3333,25.31171833333333,51.422598333333326,0.0,0.0,1561289196867,3,GSM,False,40463,9301,427,1,-43,4,0
3334,25.31171833333333,51.422598333333326,0.0,0.0,1561289196867,4,GSM,False,29872,9301,427,1,-49,4,0
3335,25.31171833333333,51.422598333333326,0.0,0.0,1561289196867,5,GSM,False,41721,9302,427,1,-55,4,0
3336,25.31171833333333,51.422598333333326,0.0,0.0,1561289196867,6,GSM,False,22243,9301,427,1,-57,4,0
3337,25.31171833333333,51.422598333333326,0.0,0.0,1561289196867,7,GSM,True,10861,181,427,2,-39,4,0
3338,25.31171833333333,51.422598333333326,0.0,0.0,1561289196867,8,GSM,False,10912,181,427,2,-33,4,0
3339,25.31171833333333,51.422598333333326,0.0,0.0,1561289196867,9,GSM,False,10863,181,427,2,-39,4,0
3340,25.31171833333333,51.422598333333326,0.0,0.0,1561289196867,10,GSM,False,11261,181,427,2,-41,4,0
3341,25.31171833333333,51.422598333333326,0.0,0.0,1561289196867,11,GSM,False,10862,181,427,2,-49,4,0
3342,25.31171833333333,51.422598333333326,0.0,0.0,1561289196867,12,GSM,False,15751,1130,427,2,-53,4,0
3343,25.31171833333333,51.422598333333326,0.0,0.0,1561289196867,13,GSM,False,10873,181,427,2,-63,4,0
3344,25.31171833333333,51.422598333333326,0.0,0.0,1561289204168,3,GSM,False,22222,9301,427,1,-55,4,0
3345,25.31171833333333,51.422598333333326,0.0,0.0,1561289204168,4,GSM,False,22253,9301,427,1,-61,4,0
3346,25.31171833333333,51.422598333333326,0.0,0.0,1561289204168,5,GSM,False,40703,9301,427,1,-63,4,0
3347,25.31171833333333,51.422598333333326,0.0,0.0,1561289204168,6,GSM,False,29582,9301,427,1,-63,4,0
3348,25.31171833333333,51.422598333333326,0.0,0.0,1561289204168,12,GSM,False,11253,181,427,2,-65,4,0
3349,25.31171833333333,51.422598333333326,0.0,0.0,1561289209906,9,GSM,False,10911,181,427,2,-37,4,0
3350,25.31171833333333,51.422598333333326,0.0,0.0,1561289209906,10,GSM,False,10512,150,427,2,-43,4,0
3351,25.31344333333333,51.42186,0.0,0.0,1561289222552,0,GSM,True,41003,9301,427,1,-17,4,0
3352,25.31344333333333,51.42186,0.0,0.0,1561289222552,1,GSM,False,29872,9301,427,1,-33,4,0
3353,25.31344333333333,51.42186,0.0,0.0,1561289222552,2,GSM,False,41001,9301,427,1,-33,4,0
3354,25.31344333333333,51.42186,0.0,0.0,1561289222552,3,GSM,False,22222,9301,427,1,-41,4,0
3355,25.31344333333333,51.42186,0.0,0.0,1561289222552,4,GSM,False,29582,9301,427,1,-57,4,0
3356,25.31344333333333,51.42186,0.0,0.0,1561289222552,5,GSM,False,41721,9302,427,1,-61,4,0
3357,25.31344333333333,51.42186,0.0,0.0,1561289222552,6,GSM,False,22253,9301,427,1,-69,4,0
3358,25.31344333333333,51.42186,0.0,0.0,1561289222552,7,GSM,True,10861,181,427,2,-29,4,0
3359,25.31344333333333,51.42186,0.0,0.0,1561289222552,8,GSM,False,15751,1130,427,2,-37,4,0
3360,25.31344333333333,51.42186,0.0,0.0,1561289222552,9,GSM,False,10863,181,427,2,-47,4,0
3361,25.31344333333333,51.42186,0.0,0.0,1561289222552,10,GSM,False,11253,181,427,2,-51,4,0
3362,25.31344333333333,51.42186,0.0,0.0,1561289222552,11,GSM,False,61692,181,427,2,-55,4,0
3363,25.31344333333333,51.42186,0.0,0.0,1561289222552,12,GSM,False,10862,181,427,2,-59,4,0
3364,25.31344333333333,51.42186,0.0,0.0,1561289222552,13,GSM,False,11261,181,427,2,-69,4,0
3365,25.31344333333333,51.42186,0.0,0.0,1561289225106,4,GSM,False,23501,9302,427,1,-47,4,0
3366,25.31344333333333,51.42186,0.0,0.0,1561289225106,10,GSM,False,10012,150,427,2,-47,4,0
3367,25.31344333333333,51.42186,0.0,0.0,1561289225106,11,GSM,False,10912,181,427,2,-51,4,0
3368,25.31354,51.42177333333334,0.0,0.0,1561289237757,0,GSM,True,41003,9301,427,1,-17,4,0
3369,25.31354,51.42177333333334,0.0,0.0,1561289237757,1,GSM,False,29872,9301,427,1,-35,4,0
3370,25.31354,51.42177333333334,0.0,0.0,1561289237757,2,GSM,False,41001,9301,427,1,-43,4,0
3371,25.31354,51.42177333333334,0.0,0.0,1561289237757,3,GSM,False,23501,9302,427,1,-49,4,0
3372,25.31354,51.42177333333334,0.0,0.0,1561289237757,4,GSM,False,22222,9301,427,1,-49,4,0
3373,25.31354,51.42177333333334,0.0,0.0,1561289237757,5,GSM,False,29582,9301,427,1,-65,4,0
3374,25.31354,51.42177333333334,0.0,0.0,1561289237757,6,GSM,False,41721,9302,427,1,-67,4,0
3375,25.31354,51.42177333333334,0.0,0.0,1561289237757,7,GSM,True,10861,181,427,2,-41,4,0
3376,25.31354,51.42177333333334,0.0,0.0,1561289237757,8,GSM,False,11253,181,427,2,-47,4,0
3377,25.31354,51.42177333333334,0.0,0.0,1561289237757,9,GSM,False,15751,1130,427,2,-49,4,0
3378,25.31354,51.42177333333334,0.0,0.0,1561289237757,10,GSM,False,10863,181,427,2,-49,4,0
3379,25.31354,51.42177333333334,0.0,0.0,1561289237757,11,GSM,False,10912,181,427,2,-51,4,0
3380,25.31354,51.42177333333334,0.0,0.0,1561289237757,12,GSM,False,10012,150,427,2,-57,4,0
3381,25.31354,51.42177333333334,0.0,0.0,1561289237757,13,GSM,False,11261,181,427,2,-61,4,0
3382,25.31354,51.42179,0.0,0.0,1561289238433,0,GSM,True,41003,9301,427,1,-17,4,0
3383,25.31354,51.42179,0.0,0.0,1561289238433,1,GSM,False,29872,9301,427,1,-35,4,0
3384,25.31354,51.42179,0.0,0.0,1561289238433,2,GSM,False,41001,9301,427,1,-43,4,0
3385,25.31354,51.42179,0.0,0.0,1561289238433,3,GSM,False,23501,9302,427,1,-49,4,0
3386,25.31354,51.42179,0.0,0.0,1561289238433,4,GSM,False,22222,9301,427,1,-49,4,0
3387,25.31354,51.42179,0.0,0.0,1561289238433,5,GSM,False,29582,9301,427,1,-65,4,0
3388,25.31354,51.42179,0.0,0.0,1561289238433,6,GSM,False,41721,9302,427,1,-67,4,0
3389,25.31354,51.42179,0.0,0.0,1561289238433,7,GSM,True,10861,181,427,2,-41,4,0
3390,25.31354,51.42179,0.0,0.0,1561289238433,8,GSM,False,11253,181,427,2,-47,4,0
3391,25.31354,51.42179,0.0,0.0,1561289238433,9,GSM,False,15751,1130,427,2,-49,4,0
3392,25.31354,51.42179,0.0,0.0,1561289238433,10,GSM,False,10863,181,427,2,-49,4,0
3393,25.31354,51.42179,0.0,0.0,1561289238433,11,GSM,False,10912,181,427,2,-51,4,0
3394,25.31354,51.42179,0.0,0.0,1561289238433,12,GSM,False,10012,150,427,2,-57,4,0
3395,25.31354,51.42179,0.0,0.0,1561289238433,13,GSM,False,11261,181,427,2,-61,4,0
3396,25.31354333333333,51.42176500000001,0.0,0.0,1561289243110,0,GSM,True,41003,9301,427,1,-21,4,0
3397,25.31354333333333,51.42176500000001,0.0,0.0,1561289243110,1,GSM,False,29872,9301,427,1,-35,4,0
3398,25.31354333333333,51.42176500000001,0.0,0.0,1561289243110,2,GSM,False,41001,9301,427,1,-41,4,0
3399,25.31354333333333,51.42176500000001,0.0,0.0,1561289243110,3,GSM,False,22222,9301,427,1,-51,4,0
3400,25.31354333333333,51.42176500000001,0.0,0.0,1561289243110,4,GSM,False,23501,9302,427,1,-51,4,0
3401,25.31354333333333,51.42176500000001,0.0,0.0,1561289243110,5,GSM,False,41721,9302,427,1,-69,4,0
3402,25.31354333333333,51.42176500000001,0.0,0.0,1561289243110,6,GSM,False,29582,9301,427,1,-69,4,0
3403,25.31354333333333,51.42176500000001,0.0,0.0,1561289243110,7,GSM,True,10861,181,427,2,-39,4,0
3404,25.31354333333333,51.42176500000001,0.0,0.0,1561289243110,8,GSM,False,11253,181,427,2,-43,4,0
3405,25.31354333333333,51.42176500000001,0.0,0.0,1561289243110,9,GSM,False,10863,181,427,2,-49,4,0
3406,25.31354333333333,51.42176500000001,0.0,0.0,1561289243110,10,GSM,False,15751,1130,427,2,-49,4,0
3407,25.31354333333333,51.42176500000001,0.0,0.0,1561289243110,11,GSM,False,10912,181,427,2,-51,4,0
3408,25.31354333333333,51.42176500000001,0.0,0.0,1561289243110,12,GSM,False,10012,150,427,2,-59,4,0
3409,25.31354333333333,51.42176500000001,0.0,0.0,1561289243110,13,GSM,False,11261,181,427,2,-59,4,0
3410,25.31354333333333,51.42176500000001,0.0,0.0,1561289248039,11,GSM,False,15212,1130,427,2,-51,4,0
3411,25.31354333333333,51.42176500000001,0.0,0.0,1561289248039,13,GSM,False,10862,181,427,2,-59,4,0
3412,25.31354333333333,51.42176500000001,0.0,0.0,1561289253591,6,GSM,False,22253,9301,427,1,-71,4,0
3413,25.31347833333333,51.42176500000001,0.0,0.0,1561289264169,0,GSM,True,29872,9301,427,1,-35,4,0
3414,25.31347833333333,51.42176500000001,0.0,0.0,1561289264169,1,GSM,False,29871,9301,427,1,-19,4,0
3415,25.31347833333333,51.42176500000001,0.0,0.0,1561289264169,2,GSM,False,41001,9301,427,1,-41,4,0
3416,25.31347833333333,51.42176500000001,0.0,0.0,1561289264169,3,GSM,False,22222,9301,427,1,-51,4,0
3417,25.31347833333333,51.42176500000001,0.0,0.0,1561289264169,4,GSM,False,23501,9302,427,1,-51,4,0
3418,25.31347833333333,51.42176500000001,0.0,0.0,1561289264169,5,GSM,False,41721,9302,427,1,-67,4,0
3419,25.31347833333333,51.42176500000001,0.0,0.0,1561289264169,6,GSM,False,29582,9301,427,1,-71,4,0
3420,25.31347833333333,51.42176500000001,0.0,0.0,1561289264169,7,GSM,True,10861,181,427,2,-41,4,0
3421,25.31347833333333,51.42176500000001,0.0,0.0,1561289264169,8,GSM,False,11253,181,427,2,-41,4,0
3422,25.31347833333333,51.42176500000001,0.0,0.0,1561289264169,9,GSM,False,15751,1130,427,2,-49,4,0
3423,25.31347833333333,51.42176500000001,0.0,0.0,1561289264169,10,GSM,False,10863,181,427,2,-49,4,0
3424,25.31347833333333,51.42176500000001,0.0,0.0,1561289264169,11,GSM,False,15212,1130,427,2,-51,4,0
3425,25.31347833333333,51.42176500000001,0.0,0.0,1561289264169,12,GSM,False,10012,150,427,2,-53,4,0
3426,25.31347833333333,51.42176500000001,0.0,0.0,1561289264169,13,GSM,False,11261,181,427,2,-61,4,0
3427,25.31347833333333,51.42176500000001,0.0,0.0,1561289266846,2,GSM,False,41002,9301,427,1,-53,4,0
3428,25.31347833333333,51.42176500000001,0.0,0.0,1561289266846,6,GSM,False,40703,9301,427,1,-73,4,0
3429,25.31356333333333,51.42181666666667,0.0,0.0,1561289275660,0,GSM,True,29872,9301,427,1,-35,4,0
3430,25.31356333333333,51.42181666666667,0.0,0.0,1561289275660,1,GSM,False,41001,9301,427,1,-45,4,0
3431,25.31356333333333,51.42181666666667,0.0,0.0,1561289275660,2,GSM,False,23501,9302,427,1,-51,4,0
3432,25.31356333333333,51.42181666666667,0.0,0.0,1561289275660,3,GSM,False,41002,9301,427,1,-51,4,0
3433,25.31356333333333,51.42181666666667,0.0,0.0,1561289275660,4,GSM,False,29582,9301,427,1,-63,4,0
3434,25.31356333333333,51.42181666666667,0.0,0.0,1561289275660,5,GSM,False,41721,9302,427,1,-69,4,0
3435,25.31356333333333,51.42181666666667,0.0,0.0,1561289275660,6,GSM,False,40703,9301,427,1,-75,4,0
3436,25.31356333333333,51.42181666666667,0.0,0.0,1561289275660,7,GSM,True,11253,181,427,2,-41,4,0
3437,25.31356333333333,51.42181666666667,0.0,0.0,1561289275660,8,GSM,False,10911,181,427,2,-39,4,0
3438,25.31356333333333,51.42181666666667,0.0,0.0,1561289275660,9,GSM,False,10861,181,427,2,-43,4,0
3439,25.31356333333333,51.42181666666667,0.0,0.0,1561289275660,10,GSM,False,15212,1130,427,2,-57,4,0
3440,25.31356333333333,51.42181666666667,0.0,0.0,1561289275660,11,GSM,False,15751,1130,427,2,-59,4,0
3441,25.31356333333333,51.42181666666667,0.0,0.0,1561289275660,12,GSM,False,10512,150,427,2,-59,4,0
3442,25.31356333333333,51.42181666666667,0.0,0.0,1561289275660,13,GSM,False,11261,181,427,2,-59,4,0
3443,25.31356333333333,51.42181666666667,0.0,0.0,1561289280583,3,GSM,False,25002,9301,427,1,-51,4,0
3444,25.313483333333338,51.42181166666666,0.0,0.0,1561289291704,0,GSM,True,29872,9301,427,1,-37,4,0
3445,25.313483333333338,51.42181166666666,0.0,0.0,1561289291704,1,GSM,False,41001,9301,427,1,-43,4,0
3446,25.313483333333338,51.42181166666666,0.0,0.0,1561289291704,2,GSM,False,41002,9301,427,1,-49,4,0
3447,25.313483333333338,51.42181166666666,0.0,0.0,1561289291704,3,GSM,False,25002,9301,427,1,-53,4,0
3448,25.313483333333338,51.42181166666666,0.0,0.0,1561289291704,4,GSM,False,23501,9302,427,1,-53,4,0
3449,25.313483333333338,51.42181166666666,0.0,0.0,1561289291704,5,GSM,False,29582,9301,427,1,-63,4,0
3450,25.313483333333338,51.42181166666666,0.0,0.0,1561289291704,6,GSM,False,41721,9302,427,1,-67,4,0
3451,25.313483333333338,51.42181166666666,0.0,0.0,1561289291704,7,GSM,True,11253,181,427,2,-45,4,0
3452,25.313483333333338,51.42181166666666,0.0,0.0,1561289291704,8,GSM,False,10911,181,427,2,-41,4,0
3453,25.313483333333338,51.42181166666666,0.0,0.0,1561289291704,9,GSM,False,10861,181,427,2,-43,4,0
3454,25.313483333333338,51.42181166666666,0.0,0.0,1561289291704,10,GSM,False,15751,1130,427,2,-55,4,0
3455,25.313483333333338,51.42181166666666,0.0,0.0,1561289291704,11,GSM,False,15212,1130,427,2,-57,4,0
3456,25.313483333333338,51.42181166666666,0.0,0.0,1561289291704,12,GSM,False,10512,150,427,2,-59,4,0
3457,25.313483333333338,51.42181166666666,0.0,0.0,1561289291704,13,GSM,False,11261,181,427,2,-59,4,0
3458,25.313485,51.42180666666666,0.0,0.0,1561289292419,0,GSM,True,29872,9301,427,1,-37,4,0
3459,25.313485,51.42180666666666,0.0,0.0,1561289292419,1,GSM,False,41001,9301,427,1,-43,4,0
3460,25.313485,51.42180666666666,0.0,0.0,1561289292419,2,GSM,False,41002,9301,427,1,-49,4,0
3461,25.313485,51.42180666666666,0.0,0.0,1561289292419,3,GSM,False,25002,9301,427,1,-53,4,0
3462,25.313485,51.42180666666666,0.0,0.0,1561289292419,4,GSM,False,23501,9302,427,1,-53,4,0
3463,25.313485,51.42180666666666,0.0,0.0,1561289292419,5,GSM,False,29582,9301,427,1,-63,4,0
3464,25.313485,51.42180666666666,0.0,0.0,1561289292419,6,GSM,False,41721,9302,427,1,-67,4,0
3465,25.313485,51.42180666666666,0.0,0.0,1561289292419,7,GSM,True,11253,181,427,2,-45,4,0
3466,25.313485,51.42180666666666,0.0,0.0,1561289292419,8,GSM,False,10911,181,427,2,-41,4,0
3467,25.313485,51.42180666666666,0.0,0.0,1561289292419,9,GSM,False,10861,181,427,2,-43,4,0
3468,25.313485,51.42180666666666,0.0,0.0,1561289292419,10,GSM,False,15751,1130,427,2,-55,4,0
3469,25.313485,51.42180666666666,0.0,0.0,1561289292419,11,GSM,False,15212,1130,427,2,-57,4,0
3470,25.313485,51.42180666666666,0.0,0.0,1561289292419,12,GSM,False,10512,150,427,2,-59,4,0
3471,25.313485,51.42180666666666,0.0,0.0,1561289292419,13,GSM,False,11261,181,427,2,-59,4,0
3472,25.31349,51.42175166666666,0.0,0.0,1561289313229,0,GSM,True,41003,9301,427,1,-21,4,0
3473,25.31349,51.42175166666666,0.0,0.0,1561289313229,1,GSM,False,29872,9301,427,1,-37,4,0
3474,25.31349,51.42175166666666,0.0,0.0,1561289313229,2,GSM,False,41001,9301,427,1,-41,4,0
3475,25.31349,51.42175166666666,0.0,0.0,1561289313229,3,GSM,False,41002,9301,427,1,-51,4,0
3476,25.31349,51.42175166666666,0.0,0.0,1561289313229,4,GSM,False,25002,9301,427,1,-51,4,0
3477,25.31349,51.42175166666666,0.0,0.0,1561289313229,5,GSM,False,23501,9302,427,1,-55,4,0
3478,25.31349,51.42175166666666,0.0,0.0,1561289313229,6,GSM,False,29582,9301,427,1,-63,4,0
3479,25.31349,51.42175166666666,0.0,0.0,1561289313229,7,GSM,True,10861,181,427,2,-43,4,0
3480,25.31349,51.42175166666666,0.0,0.0,1561289313229,8,GSM,False,11253,181,427,2,-45,4,0
3481,25.31349,51.42175166666666,0.0,0.0,1561289313229,9,GSM,False,10863,181,427,2,-49,4,0
3482,25.31349,51.42175166666666,0.0,0.0,1561289313229,10,GSM,False,15751,1130,427,2,-51,4,0
3483,25.31349,51.42175166666666,0.0,0.0,1561289313229,11,GSM,False,15212,1130,427,2,-55,4,0
3484,25.31349,51.42175166666666,0.0,0.0,1561289313229,12,GSM,False,10012,150,427,2,-55,4,0
3485,25.31349,51.42175166666666,0.0,0.0,1561289313229,13,GSM,False,61692,181,427,2,-61,4,0
3486,25.313506666666665,51.42196833333334,0.0,0.0,1561289313422,0,GSM,True,41003,9301,427,1,-21,4,0
3487,25.313506666666665,51.42196833333334,0.0,0.0,1561289313422,1,GSM,False,29872,9301,427,1,-37,4,0
3488,25.313506666666665,51.42196833333334,0.0,0.0,1561289313422,2,GSM,False,41001,9301,427,1,-41,4,0
3489,25.313506666666665,51.42196833333334,0.0,0.0,1561289313422,3,GSM,False,41002,9301,427,1,-51,4,0
3490,25.313506666666665,51.42196833333334,0.0,0.0,1561289313422,4,GSM,False,25002,9301,427,1,-51,4,0
3491,25.313506666666665,51.42196833333334,0.0,0.0,1561289313422,5,GSM,False,23501,9302,427,1,-55,4,0
3492,25.313506666666665,51.42196833333334,0.0,0.0,1561289313422,6,GSM,False,29582,9301,427,1,-63,4,0
3493,25.313506666666665,51.42196833333334,0.0,0.0,1561289313422,7,GSM,True,10861,181,427,2,-43,4,0
3494,25.313506666666665,51.42196833333334,0.0,0.0,1561289313422,8,GSM,False,11253,181,427,2,-45,4,0
3495,25.313506666666665,51.42196833333334,0.0,0.0,1561289313422,9,GSM,False,10863,181,427,2,-49,4,0
3496,25.313506666666665,51.42196833333334,0.0,0.0,1561289313422,10,GSM,False,15751,1130,427,2,-51,4,0
3497,25.313506666666665,51.42196833333334,0.0,0.0,1561289313422,11,GSM,False,15212,1130,427,2,-55,4,0
3498,25.313506666666665,51.42196833333334,0.0,0.0,1561289313422,12,GSM,False,10012,150,427,2,-55,4,0
3499,25.313506666666665,51.42196833333334,0.0,0.0,1561289313422,13,GSM,False,61692,181,427,2,-61,4,0
3500,25.313550000000003,51.42168166666667,0.0,0.0,1561289319066,0,GSM,True,41003,9301,427,1,-21,4,0
3501,25.313550000000003,51.42168166666667,0.0,0.0,1561289319066,1,GSM,False,41001,9301,427,1,-39,4,0
3502,25.313550000000003,51.42168166666667,0.0,0.0,1561289319066,2,GSM,False,29872,9301,427,1,-39,4,0
3503,25.313550000000003,51.42168166666667,0.0,0.0,1561289319066,3,GSM,False,41002,9301,427,1,-47,4,0
3504,25.313550000000003,51.42168166666667,0.0,0.0,1561289319066,4,GSM,False,25002,9301,427,1,-51,4,0
3505,25.313550000000003,51.42168166666667,0.0,0.0,1561289319066,5,GSM,False,23501,9302,427,1,-55,4,0
3506,25.313550000000003,51.42168166666667,0.0,0.0,1561289319066,6,GSM,False,29582,9301,427,1,-63,4,0
3507,25.313550000000003,51.42168166666667,0.0,0.0,1561289319066,7,GSM,True,10861,181,427,2,-45,4,0
3508,25.313550000000003,51.42168166666667,0.0,0.0,1561289319066,8,GSM,False,11253,181,427,2,-45,4,0
3509,25.313550000000003,51.42168166666667,0.0,0.0,1561289319066,9,GSM,False,15751,1130,427,2,-51,4,0
3510,25.313550000000003,51.42168166666667,0.0,0.0,1561289319066,10,GSM,False,10863,181,427,2,-51,4,0
3511,25.313550000000003,51.42168166666667,0.0,0.0,1561289319066,11,GSM,False,15212,1130,427,2,-55,4,0
3512,25.313550000000003,51.42168166666667,0.0,0.0,1561289319066,12,GSM,False,10012,150,427,2,-57,4,0
3513,25.313550000000003,51.42168166666667,0.0,0.0,1561289319066,13,GSM,False,61692,181,427,2,-61,4,0
3514,25.313550000000003,51.42168166666667,0.0,0.0,1561289324786,6,GSM,False,29583,9301,427,1,-63,4,0
3515,25.313550000000003,51.42168166666667,0.0,0.0,1561289324786,9,GSM,False,11261,181,427,2,-57,4,0
3516,25.313550000000003,51.42168166666667,0.0,0.0,1561289324786,10,GSM,False,10873,181,427,2,-79,4,0
3517,25.31356,51.42171,0.0,0.0,1561289334585,0,GSM,True,41003,9301,427,1,-21,4,0
3518,25.31356,51.42171,0.0,0.0,1561289334585,1,GSM,False,41001,9301,427,1,-39,4,0
3519,25.31356,51.42171,0.0,0.0,1561289334585,2,GSM,False,29872,9301,427,1,-39,4,0
3520,25.31356,51.42171,0.0,0.0,1561289334585,3,GSM,False,41002,9301,427,1,-45,4,0
3521,25.31356,51.42171,0.0,0.0,1561289334585,4,GSM,False,25002,9301,427,1,-51,4,0
3522,25.31356,51.42171,0.0,0.0,1561289334585,5,GSM,False,23501,9302,427,1,-55,4,0
3523,25.31356,51.42171,0.0,0.0,1561289334585,6,GSM,False,29583,9301,427,1,-63,4,0
3524,25.31356,51.42171,0.0,0.0,1561289334585,7,GSM,True,11253,181,427,2,-51,4,0
3525,25.31356,51.42171,0.0,0.0,1561289334585,8,GSM,False,10911,181,427,2,-37,4,0
3526,25.31356,51.42171,0.0,0.0,1561289334585,9,GSM,False,10861,181,427,2,-51,4,0
3527,25.31356,51.42171,0.0,0.0,1561289334585,10,GSM,False,15751,1130,427,2,-53,4,0
3528,25.31356,51.42171,0.0,0.0,1561289334585,11,GSM,False,11261,181,427,2,-57,4,0
3529,25.31356,51.42171,0.0,0.0,1561289334585,12,GSM,False,15212,1130,427,2,-59,4,0
3530,25.31356,51.42171,0.0,0.0,1561289334585,13,GSM,False,10512,150,427,2,-59,4,0
3531,25.313556666666667,51.42170833333333,0.0,0.0,1561289335358,0,GSM,True,41003,9301,427,1,-21,4,0
3532,25.313556666666667,51.42170833333333,0.0,0.0,1561289335358,1,GSM,False,41001,9301,427,1,-39,4,0
3533,25.313556666666667,51.42170833333333,0.0,0.0,1561289335358,2,GSM,False,29872,9301,427,1,-39,4,0
3534,25.313556666666667,51.42170833333333,0.0,0.0,1561289335358,3,GSM,False,41002,9301,427,1,-45,4,0
3535,25.313556666666667,51.42170833333333,0.0,0.0,1561289335358,4,GSM,False,25002,9301,427,1,-51,4,0
3536,25.313556666666667,51.42170833333333,0.0,0.0,1561289335358,5,GSM,False,23501,9302,427,1,-55,4,0
3537,25.313556666666667,51.42170833333333,0.0,0.0,1561289335358,6,GSM,False,29583,9301,427,1,-63,4,0
3538,25.313556666666667,51.42170833333333,0.0,0.0,1561289335358,7,GSM,True,11253,181,427,2,-51,4,0
3539,25.313556666666667,51.42170833333333,0.0,0.0,1561289335358,8,GSM,False,10911,181,427,2,-37,4,0
3540,25.313556666666667,51.42170833333333,0.0,0.0,1561289335358,9,GSM,False,10861,181,427,2,-51,4,0
3541,25.313556666666667,51.42170833333333,0.0,0.0,1561289335358,10,GSM,False,15751,1130,427,2,-53,4,0
3542,25.313556666666667,51.42170833333333,0.0,0.0,1561289335358,11,GSM,False,11261,181,427,2,-57,4,0
3543,25.313556666666667,51.42170833333333,0.0,0.0,1561289335358,12,GSM,False,15212,1130,427,2,-59,4,0
3544,25.313556666666667,51.42170833333333,0.0,0.0,1561289335358,13,GSM,False,10512,150,427,2,-59,4,0
3545,25.31356,51.42169833333334,0.0,0.0,1561289345227,0,GSM,True,41003,9301,427,1,-25,4,0
3546,25.31356,51.42169833333334,0.0,0.0,1561289345227,1,GSM,False,29872,9301,427,1,-39,4,0
3547,25.31356,51.42169833333334,0.0,0.0,1561289345227,2,GSM,False,41001,9301,427,1,-41,4,0
3548,25.31356,51.42169833333334,0.0,0.0,1561289345227,3,GSM,False,41002,9301,427,1,-43,4,0
3549,25.31356,51.42169833333334,0.0,0.0,1561289345227,4,GSM,False,23501,9302,427,1,-51,4,0
3550,25.31356,51.42169833333334,0.0,0.0,1561289345227,5,GSM,False,25002,9301,427,1,-53,4,0
3551,25.31356,51.42169833333334,0.0,0.0,1561289345227,6,GSM,False,29583,9301,427,1,-63,4,0
3552,25.31356,51.42169833333334,0.0,0.0,1561289345227,7,GSM,True,10911,181,427,2,-39,4,0
3553,25.31356,51.42169833333334,0.0,0.0,1561289345227,8,GSM,False,10512,150,427,2,-55,4,0
3554,25.31356,51.42169833333334,0.0,0.0,1561289345227,9,GSM,False,15212,1130,427,2,-59,4,0
3555,25.31356,51.42169833333334,0.0,0.0,1561289351145,10,GSM,False,10921,1130,427,2,-61,4,0
3556,25.31356,51.42169833333334,0.0,0.0,1561289351145,11,GSM,False,10012,150,427,2,-67,4,0
3557,25.31356,51.42169833333334,0.0,0.0,1561289351145,12,GSM,False,18531,1130,427,2,-71,4,0
3558,25.31356,51.42169833333334,0.0,0.0,1561289351145,13,GSM,False,61693,181,427,2,-79,4,0
3559,25.31353,51.42176333333334,0.0,0.0,1561289363693,0,GSM,True,41003,9301,427,1,-25,4,0
3560,25.31353,51.42176333333334,0.0,0.0,1561289363693,1,GSM,False,41001,9301,427,1,-37,4,0
3561,25.31353,51.42176333333334,0.0,0.0,1561289363693,2,GSM,False,29872,9301,427,1,-39,4,0
3562,25.31353,51.42176333333334,0.0,0.0,1561289363693,3,GSM,False,41002,9301,427,1,-43,4,0
3563,25.31353,51.42176333333334,0.0,0.0,1561289363693,4,GSM,False,23501,9302,427,1,-53,4,0
3564,25.31353,51.42176333333334,0.0,0.0,1561289363693,5,GSM,False,25002,9301,427,1,-55,4,0
3565,25.31353,51.42176333333334,0.0,0.0,1561289363693,6,GSM,False,29583,9301,427,1,-61,4,0
3566,25.31353,51.42176333333334,0.0,0.0,1561289363693,7,GSM,True,10911,181,427,2,-37,4,0
3567,25.31353,51.42176333333334,0.0,0.0,1561289363693,8,GSM,False,10512,150,427,2,-51,4,0
3568,25.31353,51.42176333333334,0.0,0.0,1561289363693,9,GSM,False,10921,1130,427,2,-61,4,0
3569,25.31353,51.42176333333334,0.0,0.0,1561289363693,10,GSM,False,10012,150,427,2,-67,4,0
3570,25.31353,51.42176333333334,0.0,0.0,1561289363693,11,GSM,False,18531,1130,427,2,-69,4,0
3571,25.31353,51.42176333333334,0.0,0.0,1561289363693,12,GSM,False,61693,181,427,2,-79,4,0
3572,25.31353,51.42176333333334,0.0,0.0,1561289377845,6,GSM,False,29582,9301,427,1,-71,4,0
3573,25.313496666666666,51.42186,0.0,0.0,1561289380440,0,GSM,True,41001,9301,427,1,-49,4,0
3574,25.313496666666666,51.42186,0.0,0.0,1561289380440,1,GSM,False,29872,9301,427,1,-41,4,0
3575,25.313496666666666,51.42186,0.0,0.0,1561289380440,2,GSM,False,41002,9301,427,1,-43,4,0
3576,25.313496666666666,51.42186,0.0,0.0,1561289380440,3,GSM,False,23501,9302,427,1,-53,4,0
3577,25.313496666666666,51.42186,0.0,0.0,1561289380440,4,GSM,False,25002,9301,427,1,-57,4,0
3578,25.313496666666666,51.42186,0.0,0.0,1561289380440,5,GSM,False,29583,9301,427,1,-61,4,0
3579,25.313496666666666,51.42186,0.0,0.0,1561289380440,6,GSM,False,29582,9301,427,1,-69,4,0
3580,25.313496666666666,51.42186,0.0,0.0,1561289380440,7,GSM,True,10911,181,427,2,-35,4,0
3581,25.313496666666666,51.42186,0.0,0.0,1561289380440,8,GSM,False,10512,150,427,2,-51,4,0
3582,25.313496666666666,51.42186,0.0,0.0,1561289380440,9,GSM,False,10921,1130,427,2,-63,4,0
3583,25.313496666666666,51.42186,0.0,0.0,1561289380440,10,GSM,False,10012,150,427,2,-65,4,0
3584,25.313496666666666,51.42186,0.0,0.0,1561289380440,11,GSM,False,18531,1130,427,2,-71,4,0
3585,25.313496666666666,51.42186,0.0,0.0,1561289380440,12,GSM,False,61693,181,427,2,-77,4,0
3586,25.31351,51.421821666666666,0.0,0.0,1561289383943,0,GSM,True,41001,9301,427,1,-51,4,0
3587,25.31351,51.421821666666666,0.0,0.0,1561289383943,1,GSM,False,29872,9301,427,1,-41,4,0
3588,25.31351,51.421821666666666,0.0,0.0,1561289383943,2,GSM,False,41002,9301,427,1,-43,4,0
3589,25.31351,51.421821666666666,0.0,0.0,1561289383943,3,GSM,False,23501,9302,427,1,-53,4,0
3590,25.31351,51.421821666666666,0.0,0.0,1561289383943,4,GSM,False,25002,9301,427,1,-57,4,0
3591,25.31351,51.421821666666666,0.0,0.0,1561289383943,5,GSM,False,29583,9301,427,1,-61,4,0
3592,25.31351,51.421821666666666,0.0,0.0,1561289383943,6,GSM,False,29582,9301,427,1,-69,4,0
3593,25.31351,51.421821666666666,0.0,0.0,1561289383943,7,GSM,True,10911,181,427,2,-35,4,0
3594,25.31351,51.421821666666666,0.0,0.0,1561289383943,8,GSM,False,10512,150,427,2,-51,4,0
3595,25.31351,51.421821666666666,0.0,0.0,1561289383943,9,GSM,False,10921,1130,427,2,-63,4,0
3596,25.31351,51.421821666666666,0.0,0.0,1561289383943,10,GSM,False,10012,150,427,2,-65,4,0
3597,25.31351,51.421821666666666,0.0,0.0,1561289383943,11,GSM,False,18531,1130,427,2,-71,4,0
3598,25.31351,51.421821666666666,0.0,0.0,1561289383943,12,GSM,False,61693,181,427,2,-77,4,0
3599,25.313511666666667,51.42187333333333,0.0,0.0,1561289409412,0,GSM,True,29872,9301,427,1,-41,4,0
3600,25.313511666666667,51.42187333333333,0.0,0.0,1561289409412,1,GSM,False,41002,9301,427,1,-51,4,0
3601,25.313511666666667,51.42187333333333,0.0,0.0,1561289409412,2,GSM,False,25002,9301,427,1,-55,4,0
3602,25.313511666666667,51.42187333333333,0.0,0.0,1561289409412,3,GSM,False,41001,9301,427,1,-57,4,0
3603,25.313511666666667,51.42187333333333,0.0,0.0,1561289409412,4,GSM,False,23501,9302,427,1,-57,4,0
3604,25.313511666666667,51.42187333333333,0.0,0.0,1561289409412,5,GSM,False,29582,9301,427,1,-61,4,0
3605,25.313511666666667,51.42187333333333,0.0,0.0,1561289409412,6,GSM,False,29583,9301,427,1,-67,4,0
3606,25.313511666666667,51.42187333333333,0.0,0.0,1561289409412,7,GSM,True,10911,181,427,2,-35,4,0
3607,25.313511666666667,51.42187333333333,0.0,0.0,1561289409412,8,GSM,False,10512,150,427,2,-57,4,0
3608,25.313511666666667,51.42187333333333,0.0,0.0,1561289409412,9,GSM,False,10921,1130,427,2,-63,4,0
3609,25.313511666666667,51.42187333333333,0.0,0.0,1561289409412,10,GSM,False,10012,150,427,2,-63,4,0
3610,25.313511666666667,51.42187333333333,0.0,0.0,1561289409412,11,GSM,False,18531,1130,427,2,-67,4,0
3611,25.313511666666667,51.42187333333333,0.0,0.0,1561289409412,12,GSM,False,61693,181,427,2,-71,4,0
3612,25.31353333333333,51.42181000000001,0.0,0.0,1561289409616,0,GSM,True,29872,9301,427,1,-43,4,0
3613,25.31353333333333,51.42181000000001,0.0,0.0,1561289409616,1,GSM,False,41002,9301,427,1,-53,4,0
3614,25.31353333333333,51.42181000000001,0.0,0.0,1561289409616,2,GSM,False,25002,9301,427,1,-55,4,0
3615,25.31353333333333,51.42181000000001,0.0,0.0,1561289409616,3,GSM,False,41001,9301,427,1,-55,4,0
3616,25.31353333333333,51.42181000000001,0.0,0.0,1561289409616,4,GSM,False,23501,9302,427,1,-57,4,0
3617,25.31353333333333,51.42181000000001,0.0,0.0,1561289409616,5,GSM,False,29582,9301,427,1,-61,4,0
3618,25.31353333333333,51.42181000000001,0.0,0.0,1561289409616,6,GSM,False,29583,9301,427,1,-65,4,0
3619,25.31353333333333,51.42181000000001,0.0,0.0,1561289409616,7,GSM,True,10911,181,427,2,-35,4,0
3620,25.31353333333333,51.42181000000001,0.0,0.0,1561289409616,8,GSM,False,10512,150,427,2,-57,4,0
3621,25.31353333333333,51.42181000000001,0.0,0.0,1561289409616,9,GSM,False,10921,1130,427,2,-63,4,0
3622,25.31353333333333,51.42181000000001,0.0,0.0,1561289409616,10,GSM,False,10012,150,427,2,-63,4,0
3623,25.31353333333333,51.42181000000001,0.0,0.0,1561289409616,11,GSM,False,18531,1130,427,2,-67,4,0
3624,25.31353333333333,51.42181000000001,0.0,0.0,1561289409616,12,GSM,False,61693,181,427,2,-71,4,0
3625,25.31353333333333,51.42181000000001,0.0,0.0,1561289415299,1,GSM,False,41003,9301,427,1,-27,4,0
3626,25.313545,51.42180333333334,0.0,0.0,1561289415453,0,GSM,True,29872,9301,427,1,-37,4,0
3627,25.313545,51.42180333333334,0.0,0.0,1561289415453,1,GSM,False,41003,9301,427,1,-27,4,0
3628,25.313545,51.42180333333334,0.0,0.0,1561289415453,2,GSM,False,41001,9301,427,1,-51,4,0
3629,25.313545,51.42180333333334,0.0,0.0,1561289415453,3,GSM,False,41002,9301,427,1,-55,4,0
3630,25.313545,51.42180333333334,0.0,0.0,1561289415453,4,GSM,False,23501,9302,427,1,-55,4,0
3631,25.313545,51.42180333333334,0.0,0.0,1561289415453,5,GSM,False,25002,9301,427,1,-57,4,0
3632,25.313545,51.42180333333334,0.0,0.0,1561289415453,6,GSM,False,29583,9301,427,1,-63,4,0
3633,25.313545,51.42180333333334,0.0,0.0,1561289415453,7,GSM,True,10911,181,427,2,-31,4,0
3634,25.313545,51.42180333333334,0.0,0.0,1561289415453,8,GSM,False,10512,150,427,2,-59,4,0
3635,25.313545,51.42180333333334,0.0,0.0,1561289415453,9,GSM,False,10921,1130,427,2,-63,4,0
3636,25.313545,51.42180333333334,0.0,0.0,1561289415453,10,GSM,False,10012,150,427,2,-65,4,0
3637,25.313545,51.42180333333334,0.0,0.0,1561289415453,11,GSM,False,18531,1130,427,2,-69,4,0
3638,25.313545,51.42180333333334,0.0,0.0,1561289415453,12,GSM,False,61693,181,427,2,-73,4,0
3639,25.31354333333333,51.42180166666667,0.0,0.0,1561289426178,0,GSM,True,10911,181,427,2,-31,4,0
3640,25.31354333333333,51.42180166666667,0.0,0.0,1561289426178,1,GSM,False,10921,1130,427,2,-57,4,0
3641,25.31354333333333,51.42180166666667,0.0,0.0,1561289426178,2,GSM,False,10512,150,427,2,-65,4,0
3642,25.31354333333333,51.42180166666667,0.0,0.0,1561289426178,3,GSM,False,10012,150,427,2,-65,4,0
3643,25.31354333333333,51.42180166666667,0.0,0.0,1561289426178,4,GSM,False,18531,1130,427,2,-73,4,0
3644,25.31354333333333,51.42180166666667,0.0,0.0,1561289426178,5,GSM,False,61693,181,427,2,-87,4,0
3645,25.31354333333333,51.42180166666667,0.0,0.0,1561289426360,0,GSM,True,29872,9301,427,1,-37,4,0
3646,25.31354333333333,51.42180166666667,0.0,0.0,1561289426360,1,GSM,False,41003,9301,427,1,-27,4,0
3647,25.31354333333333,51.42180166666667,0.0,0.0,1561289426360,2,GSM,False,41001,9301,427,1,-51,4,0
3648,25.31354333333333,51.42180166666667,0.0,0.0,1561289426360,3,GSM,False,41002,9301,427,1,-55,4,0
3649,25.31354333333333,51.42180166666667,0.0,0.0,1561289426360,4,GSM,False,23501,9302,427,1,-55,4,0
3650,25.31354333333333,51.42180166666667,0.0,0.0,1561289426360,5,GSM,False,25002,9301,427,1,-57,4,0
3651,25.31354333333333,51.42180166666667,0.0,0.0,1561289426360,6,GSM,False,29583,9301,427,1,-63,4,0
3652,25.31354333333333,51.42180166666667,0.0,0.0,1561289428989,4,GSM,False,29582,9301,427,1,-57,4,0
3653,25.314003333333336,51.422003333333336,0.0,0.0,1561289438195,0,GSM,True,41003,9301,427,1,-33,4,0
3654,25.314003333333336,51.422003333333336,0.0,0.0,1561289438195,1,GSM,False,29872,9301,427,1,-43,4,0
3655,25.314003333333336,51.422003333333336,0.0,0.0,1561289438195,2,GSM,False,41002,9301,427,1,-47,4,0
3656,25.314003333333336,51.422003333333336,0.0,0.0,1561289438195,3,GSM,False,41001,9301,427,1,-53,4,0
3657,25.314003333333336,51.422003333333336,0.0,0.0,1561289438195,4,GSM,False,23501,9302,427,1,-55,4,0
3658,25.314003333333336,51.422003333333336,0.0,0.0,1561289438195,5,GSM,False,29583,9301,427,1,-57,4,0
3659,25.314003333333336,51.422003333333336,0.0,0.0,1561289438195,6,GSM,False,25002,9301,427,1,-57,4,0
3660,25.314003333333336,51.422003333333336,0.0,0.0,1561289438195,7,GSM,True,10911,181,427,2,-31,4,0
3661,25.314003333333336,51.422003333333336,0.0,0.0,1561289438195,8,GSM,False,10012,150,427,2,-57,4,0
3662,25.314003333333336,51.422003333333336,0.0,0.0,1561289438195,9,GSM,False,10512,150,427,2,-61,4,0
3663,25.314003333333336,51.422003333333336,0.0,0.0,1561289438195,10,GSM,False,10921,1130,427,2,-63,4,0
3664,25.314003333333336,51.422003333333336,0.0,0.0,1561289438195,11,GSM,False,61693,181,427,2,-75,4,0
3665,25.314003333333336,51.422003333333336,0.0,0.0,1561289438195,12,GSM,False,17172,150,427,2,-75,4,0
3666,25.314003333333336,51.422003333333336,0.0,0.0,1561289444330,3,GSM,False,29582,9301,427,1,-47,4,0
3667,25.315115,51.42191666666666,0.0,0.0,1561289450048,0,GSM,True,41003,9301,427,1,-41,4,0
3668,25.315115,51.42191666666666,0.0,0.0,1561289450048,1,GSM,False,29872,9301,427,1,-37,4,0
3669,25.315115,51.42191666666666,0.0,0.0,1561289450048,2,GSM,False,41002,9301,427,1,-41,4,0
3670,25.315115,51.42191666666666,0.0,0.0,1561289450048,3,GSM,False,29582,9301,427,1,-47,4,0
3671,25.315115,51.42191666666666,0.0,0.0,1561289450048,4,GSM,False,41001,9301,427,1,-51,4,0
3672,25.315115,51.42191666666666,0.0,0.0,1561289450048,5,GSM,False,23501,9302,427,1,-53,4,0
3673,25.315115,51.42191666666666,0.0,0.0,1561289450048,6,GSM,False,25002,9301,427,1,-57,4,0
3674,25.315115,51.42191666666666,0.0,0.0,1561289450048,7,GSM,True,10911,181,427,2,-25,4,0
3675,25.315115,51.42191666666666,0.0,0.0,1561289450048,8,GSM,False,10012,150,427,2,-51,4,0
3676,25.315115,51.42191666666666,0.0,0.0,1561289450048,9,GSM,False,10512,150,427,2,-57,4,0
3677,25.315115,51.42191666666666,0.0,0.0,1561289450048,10,GSM,False,61693,181,427,2,-59,4,0
3678,25.315115,51.42191666666666,0.0,0.0,1561289450048,11,GSM,False,10921,1130,427,2,-63,4,0
3679,25.315115,51.42191666666666,0.0,0.0,1561289450048,12,GSM,False,17172,150,427,2,-75,4,0
3680,25.315115,51.42191666666666,0.0,0.0,1561289465568,1,GSM,False,22222,9301,427,1,-13,4,0
3681,25.315115,51.42191666666666,0.0,0.0,1561289465568,2,GSM,False,29871,9301,427,1,-37,4,0
3682,25.315115,51.42191666666666,0.0,0.0,1561289465568,3,GSM,False,29583,9301,427,1,-41,4,0
3683,25.315115,51.42191666666666,0.0,0.0,1561289465568,4,GSM,False,22253,9301,427,1,-41,4,0
3684,25.315115,51.42191666666666,0.0,0.0,1561289465568,6,GSM,False,41721,9302,427,1,-57,4,0
3685,25.315115,51.42191666666666,0.0,0.0,1561289465568,11,GSM,False,14792,150,427,2,-63,4,0
3686,25.316678333333336,51.421236666666665,0.0,0.0,1561289468297,0,GSM,True,29582,9301,427,1,-31,4,0
3687,25.316678333333336,51.421236666666665,0.0,0.0,1561289468297,1,GSM,False,22222,9301,427,1,-13,4,0
3688,25.316678333333336,51.421236666666665,0.0,0.0,1561289468297,2,GSM,False,29871,9301,427,1,-37,4,0
3689,25.316678333333336,51.421236666666665,0.0,0.0,1561289468297,3,GSM,False,29583,9301,427,1,-41,4,0
3690,25.316678333333336,51.421236666666665,0.0,0.0,1561289468297,4,GSM,False,22253,9301,427,1,-41,4,0
3691,25.316678333333336,51.421236666666665,0.0,0.0,1561289468297,5,GSM,False,25002,9301,427,1,-53,4,0
3692,25.316678333333336,51.421236666666665,0.0,0.0,1561289468297,6,GSM,False,41721,9302,427,1,-57,4,0
3693,25.316678333333336,51.421236666666665,0.0,0.0,1561289468297,7,GSM,True,10911,181,427,2,-33,4,0
3694,25.316678333333336,51.421236666666665,0.0,0.0,1561289468297,8,GSM,False,10512,150,427,2,-35,4,0
3695,25.316678333333336,51.421236666666665,0.0,0.0,1561289468297,9,GSM,False,10012,150,427,2,-39,4,0
3696,25.316678333333336,51.421236666666665,0.0,0.0,1561289468297,10,GSM,False,10921,1130,427,2,-59,4,0
3697,25.316678333333336,51.421236666666665,0.0,0.0,1561289468297,11,GSM,False,14792,150,427,2,-61,4,0
3698,25.316678333333336,51.421236666666665,0.0,0.0,1561289468297,12,GSM,False,17172,150,427,2,-67,4,0
3699,25.316678333333336,51.421236666666665,0.0,0.0,1561289468297,13,GSM,False,61693,181,427,2,-71,4,0
3700,25.318711666666665,51.42086666666668,0.0,0.0,1561289478559,0,GSM,True,22222,9301,427,1,3,4,0
3701,25.318711666666665,51.42086666666668,0.0,0.0,1561289478559,1,GSM,False,29871,9301,427,1,-41,4,0
3702,25.318711666666665,51.42086666666668,0.0,0.0,1561289478559,2,GSM,False,22221,9301,427,1,-45,4,0
3703,25.318711666666665,51.42086666666668,0.0,0.0,1561289478559,3,GSM,False,41721,9302,427,1,-51,4,0
3704,25.318711666666665,51.42086666666668,0.0,0.0,1561289478559,4,GSM,False,29583,9301,427,1,-55,4,0
3705,25.318711666666665,51.42086666666668,0.0,0.0,1561289478559,5,GSM,False,25002,9301,427,1,-61,4,0
3706,25.318711666666665,51.42086666666668,0.0,0.0,1561289478559,6,GSM,False,22253,9301,427,1,-63,4,0
3707,25.318711666666665,51.42086666666668,0.0,0.0,1561289478559,7,GSM,True,10911,181,427,2,-41,4,0
3708,25.318711666666665,51.42086666666668,0.0,0.0,1561289478559,8,GSM,False,10012,150,427,2,-25,4,0
3709,25.318711666666665,51.42086666666668,0.0,0.0,1561289478559,9,GSM,False,10512,150,427,2,-37,4,0
3710,25.318711666666665,51.42086666666668,0.0,0.0,1561289478559,10,GSM,False,10921,1130,427,2,-61,4,0
3711,25.318711666666665,51.42086666666668,0.0,0.0,1561289478559,11,GSM,False,14792,150,427,2,-61,4,0
3712,25.318711666666665,51.42086666666668,0.0,0.0,1561289478559,12,GSM,False,17172,150,427,2,-69,4,0
3713,25.318711666666665,51.42086666666668,0.0,0.0,1561289478559,13,GSM,False,61693,181,427,2,-79,4,0
3714,25.318711666666665,51.42086666666668,0.0,0.0,1561289481627,1,GSM,False,29582,9301,427,1,-31,4,0
3715,25.318711666666665,51.42086666666668,0.0,0.0,1561289481627,4,GSM,False,24882,9301,427,1,-47,4,0
3716,25.318711666666665,51.42086666666668,0.0,0.0,1561289481627,5,GSM,False,22223,9301,427,1,-53,4,0
3717,25.321700000000003,51.421778333333336,0.0,0.0,1561289498732,0,GSM,True,22222,9301,427,1,-25,4,0
3718,25.321700000000003,51.421778333333336,0.0,0.0,1561289498732,1,GSM,False,29583,9301,427,1,-31,4,0
3719,25.321700000000003,51.421778333333336,0.0,0.0,1561289498732,2,GSM,False,29582,9301,427,1,-35,4,0
3720,25.321700000000003,51.421778333333336,0.0,0.0,1561289498732,3,GSM,False,29871,9301,427,1,-41,4,0
3721,25.321700000000003,51.421778333333336,0.0,0.0,1561289498732,4,GSM,False,24882,9301,427,1,-43,4,0
3722,25.321700000000003,51.421778333333336,0.0,0.0,1561289498732,5,GSM,True,10012,150,427,2,-25,4,0
3723,25.321700000000003,51.421778333333336,0.0,0.0,1561289504616,5,GSM,False,22223,9301,427,1,-61,4,0
3724,25.321700000000003,51.421778333333336,0.0,0.0,1561289504616,7,GSM,False,10013,150,427,2,7,4,0
3725,25.321700000000003,51.421778333333336,0.0,0.0,1561289504616,8,GSM,False,10903,181,427,2,-39,4,0
3726,25.321700000000003,51.421778333333336,0.0,0.0,1561289504616,9,GSM,False,10911,181,427,2,-47,4,0
3727,25.321700000000003,51.421778333333336,0.0,0.0,1561289504616,10,GSM,False,10263,150,427,2,-49,4,0
3728,25.321700000000003,51.421778333333336,0.0,0.0,1561289504616,11,GSM,False,10902,181,427,2,-49,4,0
3729,25.321700000000003,51.421778333333336,0.0,0.0,1561289510679,10,GSM,False,17172,150,427,2,-49,4,0
3730,25.325380000000003,51.42375666666667,0.0,0.0,1561289522211,0,GSM,True,10013,150,427,2,-45,4,0
3731,25.325380000000003,51.42375666666667,0.0,0.0,1561289522211,1,GSM,False,10903,181,427,2,-37,4,0
3732,25.325380000000003,51.42375666666667,0.0,0.0,1561289522211,2,GSM,False,10512,150,427,2,-39,4,0
3733,25.325380000000003,51.42375666666667,0.0,0.0,1561289522211,3,GSM,False,17172,150,427,2,-55,4,0
3734,25.325380000000003,51.42375666666667,0.0,0.0,1561289522211,4,GSM,False,10911,181,427,2,-59,4,0
3735,25.325380000000003,51.42375666666667,0.0,0.0,1561289522366,0,GSM,True,22222,9301,427,1,-17,4,0
3736,25.325380000000003,51.42375666666667,0.0,0.0,1561289522366,1,GSM,False,29582,9301,427,1,-39,4,0
3737,25.325380000000003,51.42375666666667,0.0,0.0,1561289522366,2,GSM,False,24882,9301,427,1,-45,4,0
3738,25.325380000000003,51.42375666666667,0.0,0.0,1561289522366,3,GSM,False,29871,9301,427,1,-47,4,0
3739,25.325380000000003,51.42375666666667,0.0,0.0,1561289522366,4,GSM,False,22223,9301,427,1,-53,4,0
3740,25.325380000000003,51.42375666666667,0.0,0.0,1561289522366,5,GSM,False,29583,9301,427,1,-65,4,0
3741,25.328555,51.42546000000001,0.0,0.0,1561289534451,0,GSM,True,22222,9301,427,1,-55,4,0
3742,25.328555,51.42546000000001,0.0,0.0,1561289534451,1,GSM,False,24882,9301,427,1,-21,4,0
3743,25.328555,51.42546000000001,0.0,0.0,1561289534451,2,GSM,False,23733,9301,427,1,-23,4,0
3744,25.328555,51.42546000000001,0.0,0.0,1561289534451,3,GSM,False,22221,9301,427,1,-41,4,0
3745,25.328555,51.42546000000001,0.0,0.0,1561289534451,4,GSM,False,29871,9301,427,1,-45,4,0
3746,25.328555,51.42546000000001,0.0,0.0,1561289534451,5,GSM,False,22223,9301,427,1,-49,4,0
3747,25.328555,51.42546000000001,0.0,0.0,1561289534451,6,GSM,False,22231,9301,427,1,-61,4,0
3748,25.328555,51.42546000000001,0.0,0.0,1561289534451,7,GSM,True,10011,150,427,2,-1,4,0
3749,25.328555,51.42546000000001,0.0,0.0,1561289534451,8,GSM,False,10903,181,427,2,-39,4,0
3750,25.328555,51.42546000000001,0.0,0.0,1561289534451,9,GSM,False,17172,150,427,2,-47,4,0
3751,25.328555,51.42546000000001,0.0,0.0,1561289534451,10,GSM,False,10512,150,427,2,-49,4,0
3752,25.328555,51.42546000000001,0.0,0.0,1561289534451,11,GSM,False,10012,150,427,2,-51,4,0
3753,25.329153333333338,51.42552166666666,0.0,0.0,1561289540514,0,GSM,True,22222,9301,427,1,-55,4,0
3754,25.329153333333338,51.42552166666666,0.0,0.0,1561289540514,1,GSM,False,24882,9301,427,1,-21,4,0
3755,25.329153333333338,51.42552166666666,0.0,0.0,1561289540514,2,GSM,False,23733,9301,427,1,-23,4,0
3756,25.329153333333338,51.42552166666666,0.0,0.0,1561289540514,3,GSM,False,22221,9301,427,1,-41,4,0
3757,25.329153333333338,51.42552166666666,0.0,0.0,1561289540514,4,GSM,False,29871,9301,427,1,-45,4,0
3758,25.329153333333338,51.42552166666666,0.0,0.0,1561289540514,5,GSM,False,22223,9301,427,1,-49,4,0
3759,25.329153333333338,51.42552166666666,0.0,0.0,1561289540514,6,GSM,False,22231,9301,427,1,-61,4,0
3760,25.329153333333338,51.42552166666666,0.0,0.0,1561289540514,7,GSM,True,10011,150,427,2,-7,4,0
3761,25.329153333333338,51.42552166666666,0.0,0.0,1561289540514,8,GSM,False,10903,181,427,2,-47,4,0
3762,25.329153333333338,51.42552166666666,0.0,0.0,1561289540514,9,GSM,False,10512,150,427,2,-55,4,0
3763,25.329153333333338,51.42552166666666,0.0,0.0,1561289540514,10,GSM,False,17172,150,427,2,-57,4,0
3764,25.329153333333338,51.42552166666666,0.0,0.0,1561289540514,11,GSM,False,10012,150,427,2,-59,4,0
3765,25.329401666666666,51.42576999999999,0.0,0.0,1561289551880,0,GSM,True,10011,150,427,2,-11,4,0
3766,25.329401666666666,51.42576999999999,0.0,0.0,1561289551880,1,GSM,False,16362,150,427,2,-51,4,0
3767,25.329401666666666,51.42576999999999,0.0,0.0,1561289551880,2,GSM,False,14792,150,427,2,-53,4,0
3768,25.329401666666666,51.42576999999999,0.0,0.0,1561289551880,3,GSM,False,10012,150,427,2,-59,4,0
3769,25.329401666666666,51.42576999999999,0.0,0.0,1561289551880,4,GSM,False,17172,150,427,2,-59,4,0
3770,25.329401666666666,51.42576999999999,0.0,0.0,1561289551880,5,GSM,False,10903,181,427,2,-61,4,0
3771,25.329401666666666,51.42576999999999,0.0,0.0,1561289552085,0,GSM,True,24882,9301,427,1,-23,4,0
3772,25.329401666666666,51.42576999999999,0.0,0.0,1561289552085,1,GSM,False,23733,9301,427,1,-39,4,0
3773,25.329401666666666,51.42576999999999,0.0,0.0,1561289552085,2,GSM,False,29871,9301,427,1,-51,4,0
3774,25.329401666666666,51.42576999999999,0.0,0.0,1561289552085,3,GSM,False,22223,9301,427,1,-59,4,0
3775,25.329401666666666,51.42576999999999,0.0,0.0,1561289552085,4,GSM,False,22231,9301,427,1,-63,4,0
3776,25.329401666666666,51.42576999999999,0.0,0.0,1561289552085,5,GSM,False,22221,9301,427,1,-63,4,0
3777,25.32954,51.42583333333334,0.0,0.0,1561289552534,0,GSM,True,24882,9301,427,1,-23,4,0
3778,25.32954,51.42583333333334,0.0,0.0,1561289552534,1,GSM,False,23733,9301,427,1,-39,4,0
3779,25.32954,51.42583333333334,0.0,0.0,1561289552534,2,GSM,False,29871,9301,427,1,-51,4,0
3780,25.32954,51.42583333333334,0.0,0.0,1561289552534,3,GSM,False,22223,9301,427,1,-59,4,0
3781,25.32954,51.42583333333334,0.0,0.0,1561289552534,4,GSM,False,22231,9301,427,1,-63,4,0
3782,25.32954,51.42583333333334,0.0,0.0,1561289552534,5,GSM,False,22221,9301,427,1,-63,4,0
3783,25.32954,51.42583333333334,0.0,0.0,1561289552534,6,GSM,True,10011,150,427,2,-11,4,0
3784,25.32954,51.42583333333334,0.0,0.0,1561289552534,7,GSM,False,16362,150,427,2,-51,4,0
3785,25.32954,51.42583333333334,0.0,0.0,1561289552534,8,GSM,False,14792,150,427,2,-53,4,0
3786,25.32954,51.42583333333334,0.0,0.0,1561289552534,9,GSM,False,10012,150,427,2,-59,4,0
3787,25.32954,51.42583333333334,0.0,0.0,1561289552534,10,GSM,False,17172,150,427,2,-59,4,0
3788,25.32954,51.42583333333334,0.0,0.0,1561289552534,11,GSM,False,10903,181,427,2,-61,4,0
3789,25.32989333333333,51.42560833333334,0.0,0.0,1561289558263,0,GSM,True,24882,9301,427,1,-19,4,0
3790,25.32989333333333,51.42560833333334,0.0,0.0,1561289558263,1,GSM,False,23733,9301,427,1,-29,4,0
3791,25.32989333333333,51.42560833333334,0.0,0.0,1561289558263,2,GSM,False,29871,9301,427,1,-49,4,0
3792,25.32989333333333,51.42560833333334,0.0,0.0,1561289558263,3,GSM,False,22223,9301,427,1,-55,4,0
3793,25.32989333333333,51.42560833333334,0.0,0.0,1561289558263,4,GSM,False,22221,9301,427,1,-63,4,0
3794,25.32989333333333,51.42560833333334,0.0,0.0,1561289558263,5,GSM,False,22231,9301,427,1,-65,4,0
3795,25.32989333333333,51.42560833333334,0.0,0.0,1561289558263,6,GSM,True,10011,150,427,2,-15,4,0
3796,25.32989333333333,51.42560833333334,0.0,0.0,1561289558263,7,GSM,False,16362,150,427,2,-51,4,0
3797,25.32989333333333,51.42560833333334,0.0,0.0,1561289558263,8,GSM,False,14792,150,427,2,-53,4,0
3798,25.32989333333333,51.42560833333334,0.0,0.0,1561289558263,9,GSM,False,10012,150,427,2,-59,4,0
3799,25.32989333333333,51.42560833333334,0.0,0.0,1561289558263,10,GSM,False,17172,150,427,2,-59,4,0
3800,25.32989333333333,51.42560833333334,0.0,0.0,1561289558263,11,GSM,False,10903,181,427,2,-61,4,0
3801,25.32989333333333,51.42560833333334,0.0,0.0,1561289558263,12,GSM,False,10512,150,427,2,-65,4,0
3802,25.32989333333333,51.42560833333334,0.0,0.0,1561289558500,5,GSM,False,24881,9301,427,1,-65,4,0
3803,25.32989333333333,51.42560833333334,0.0,0.0,1561289564448,2,GSM,False,29583,9301,427,1,-49,4,0
3804,25.32989333333333,51.42560833333334,0.0,0.0,1561289564448,8,GSM,False,16363,150,427,2,-47,4,0
3805,25.32989333333333,51.42560833333334,0.0,0.0,1561289564448,11,GSM,False,17173,150,427,2,-57,4,0
3806,25.32871,51.42519000000001,0.0,0.0,1561289570836,0,GSM,True,24882,9301,427,1,-33,4,0
3807,25.32871,51.42519000000001,0.0,0.0,1561289570836,1,GSM,False,23733,9301,427,1,-37,4,0
3808,25.32871,51.42519000000001,0.0,0.0,1561289570836,2,GSM,False,29871,9301,427,1,-47,4,0
3809,25.32871,51.42519000000001,0.0,0.0,1561289570836,3,GSM,False,22223,9301,427,1,-55,4,0
3810,25.32871,51.42519000000001,0.0,0.0,1561289570836,4,GSM,False,29583,9301,427,1,-57,4,0
3811,25.32871,51.42519000000001,0.0,0.0,1561289570836,5,GSM,False,22221,9301,427,1,-57,4,0
3812,25.32871,51.42519000000001,0.0,0.0,1561289570836,6,GSM,False,22231,9301,427,1,-61,4,0
3813,25.32871,51.42519000000001,0.0,0.0,1561289570836,7,GSM,True,10011,150,427,2,-13,4,0
3814,25.32871,51.42519000000001,0.0,0.0,1561289570836,8,GSM,False,16363,150,427,2,-49,4,0
3815,25.32871,51.42519000000001,0.0,0.0,1561289570836,9,GSM,False,16362,150,427,2,-51,4,0
3816,25.32871,51.42519000000001,0.0,0.0,1561289570836,10,GSM,False,14792,150,427,2,-53,4,0
3817,25.32871,51.42519000000001,0.0,0.0,1561289570836,11,GSM,False,17173,150,427,2,-55,4,0
3818,25.32871,51.42519000000001,0.0,0.0,1561289570836,12,GSM,False,17172,150,427,2,-61,4,0
3819,25.32871,51.42519000000001,0.0,0.0,1561289578797,12,GSM,False,10012,150,427,2,-59,4,0
3820,25.327190000000005,51.424686666666666,0.0,0.0,1561289582453,0,GSM,True,24882,9301,427,1,-31,4,0
3821,25.327190000000005,51.424686666666666,0.0,0.0,1561289582453,1,GSM,False,23733,9301,427,1,-35,4,0
3822,25.327190000000005,51.424686666666666,0.0,0.0,1561289582453,2,GSM,False,29871,9301,427,1,-47,4,0
3823,25.327190000000005,51.424686666666666,0.0,0.0,1561289582453,3,GSM,False,22221,9301,427,1,-47,4,0
3824,25.327190000000005,51.424686666666666,0.0,0.0,1561289582453,4,GSM,False,22223,9301,427,1,-57,4,0
3825,25.327190000000005,51.424686666666666,0.0,0.0,1561289582453,5,GSM,False,22231,9301,427,1,-59,4,0
3826,25.327190000000005,51.424686666666666,0.0,0.0,1561289582453,6,GSM,False,29583,9301,427,1,-65,4,0
3827,25.327190000000005,51.424686666666666,0.0,0.0,1561289582453,7,GSM,True,10011,150,427,2,-5,4,0
3828,25.327190000000005,51.424686666666666,0.0,0.0,1561289582453,8,GSM,False,16362,150,427,2,-47,4,0
3829,25.327190000000005,51.424686666666666,0.0,0.0,1561289582453,9,GSM,False,16363,150,427,2,-53,4,0
3830,25.327190000000005,51.424686666666666,0.0,0.0,1561289582453,10,GSM,False,17173,150,427,2,-55,4,0
3831,25.327190000000005,51.424686666666666,0.0,0.0,1561289582453,11,GSM,False,10263,150,427,2,-55,4,0
3832,25.327190000000005,51.424686666666666,0.0,0.0,1561289582453,12,GSM,False,14792,150,427,2,-59,4,0
3833,25.327190000000005,51.424686666666666,0.0,0.0,1561289582453,13,GSM,False,10012,150,427,2,-59,4,0
3834,25.327046666666668,51.42465666666667,0.0,0.0,1561289582647,0,GSM,True,24882,9301,427,1,-31,4,0
3835,25.327046666666668,51.42465666666667,0.0,0.0,1561289582647,1,GSM,False,23733,9301,427,1,-35,4,0
3836,25.327046666666668,51.42465666666667,0.0,0.0,1561289582647,2,GSM,False,29871,9301,427,1,-47,4,0
3837,25.327046666666668,51.42465666666667,0.0,0.0,1561289582647,3,GSM,False,22221,9301,427,1,-47,4,0
3838,25.327046666666668,51.42465666666667,0.0,0.0,1561289582647,4,GSM,False,22223,9301,427,1,-57,4,0
3839,25.327046666666668,51.42465666666667,0.0,0.0,1561289582647,5,GSM,False,22231,9301,427,1,-59,4,0
3840,25.327046666666668,51.42465666666667,0.0,0.0,1561289582647,6,GSM,False,29583,9301,427,1,-65,4,0
3841,25.327046666666668,51.42465666666667,0.0,0.0,1561289582647,7,GSM,True,10011,150,427,2,-5,4,0
3842,25.327046666666668,51.42465666666667,0.0,0.0,1561289582647,8,GSM,False,16362,150,427,2,-47,4,0
3843,25.327046666666668,51.42465666666667,0.0,0.0,1561289582647,9,GSM,False,16363,150,427,2,-53,4,0
3844,25.327046666666668,51.42465666666667,0.0,0.0,1561289582647,10,GSM,False,17173,150,427,2,-55,4,0
3845,25.327046666666668,51.42465666666667,0.0,0.0,1561289582647,11,GSM,False,10263,150,427,2,-55,4,0
3846,25.327046666666668,51.42465666666667,0.0,0.0,1561289582647,12,GSM,False,14792,150,427,2,-59,4,0
3847,25.327046666666668,51.42465666666667,0.0,0.0,1561289582647,13,GSM,False,10012,150,427,2,-59,4,0
3848,25.327046666666668,51.42465666666667,0.0,0.0,1561289588459,10,GSM,False,10903,181,427,2,-55,4,0
3849,25.32545,51.42376833333333,0.0,0.0,1561289594646,0,GSM,True,24882,9301,427,1,-33,4,0
3850,25.32545,51.42376833333333,0.0,0.0,1561289594646,1,GSM,False,23733,9301,427,1,-29,4,0
3851,25.32545,51.42376833333333,0.0,0.0,1561289594646,2,GSM,False,29871,9301,427,1,-29,4,0
3852,25.32545,51.42376833333333,0.0,0.0,1561289594646,3,GSM,False,22221,9301,427,1,-39,4,0
3853,25.32545,51.42376833333333,0.0,0.0,1561289594646,4,GSM,False,22223,9301,427,1,-51,4,0
3854,25.32545,51.42376833333333,0.0,0.0,1561289594646,5,GSM,False,29583,9301,427,1,-53,4,0
3855,25.32545,51.42376833333333,0.0,0.0,1561289594646,6,GSM,False,22231,9301,427,1,-61,4,0
3856,25.32545,51.42376833333333,0.0,0.0,1561289594646,7,GSM,True,10011,150,427,2,13,4,0
3857,25.32545,51.42376833333333,0.0,0.0,1561289594646,8,GSM,False,16362,150,427,2,-49,4,0
3858,25.32545,51.42376833333333,0.0,0.0,1561289594646,9,GSM,False,16363,150,427,2,-51,4,0
3859,25.32545,51.42376833333333,0.0,0.0,1561289594646,10,GSM,False,10263,150,427,2,-53,4,0
3860,25.32545,51.42376833333333,0.0,0.0,1561289594646,11,GSM,False,10903,181,427,2,-53,4,0
3861,25.32545,51.42376833333333,0.0,0.0,1561289594646,12,GSM,False,17173,150,427,2,-57,4,0
3862,25.32545,51.42376833333333,0.0,0.0,1561289594646,13,GSM,False,10012,150,427,2,-57,4,0
3863,25.32373833333333,51.422735,0.0,0.0,1561289607884,0,GSM,True,24882,9301,427,1,-37,4,0
3864,25.32373833333333,51.422735,0.0,0.0,1561289607884,1,GSM,False,29871,9301,427,1,-17,4,0
3865,25.32373833333333,51.422735,0.0,0.0,1561289607884,2,GSM,False,29583,9301,427,1,-29,4,0
3866,25.32373833333333,51.422735,0.0,0.0,1561289607884,3,GSM,False,22221,9301,427,1,-33,4,0
3867,25.32373833333333,51.422735,0.0,0.0,1561289607884,4,GSM,False,23733,9301,427,1,-41,4,0
3868,25.32373833333333,51.422735,0.0,0.0,1561289607884,5,GSM,False,22223,9301,427,1,-55,4,0
3869,25.32373833333333,51.422735,0.0,0.0,1561289607884,6,GSM,False,22231,9301,427,1,-59,4,0
3870,25.32353,51.42252,0.0,0.0,1561289611804,0,GSM,True,29871,9301,427,1,-11,4,0
3871,25.32353,51.42252,0.0,0.0,1561289611804,1,GSM,False,22221,9301,427,1,5,4,0
3872,25.32353,51.42252,0.0,0.0,1561289611804,2,GSM,False,22231,9301,427,1,-25,4,0
3873,25.32353,51.42252,0.0,0.0,1561289611804,3,GSM,False,22223,9301,427,1,-39,4,0
3874,25.32353,51.42252,0.0,0.0,1561289611804,4,GSM,False,23733,9301,427,1,-49,4,0
3875,25.32353,51.42252,0.0,0.0,1561289611804,5,GSM,False,29583,9301,427,1,-57,4,0
3876,25.32353,51.42252,0.0,0.0,1561289611804,6,GSM,True,10011,150,427,2,-27,4,0
3877,25.32353,51.42252,0.0,0.0,1561289611804,7,GSM,False,10012,150,427,2,-21,4,0
3878,25.32353,51.42252,0.0,0.0,1561289611804,8,GSM,False,10013,150,427,2,-35,4,0
3879,25.32353,51.42252,0.0,0.0,1561289611804,9,GSM,False,10512,150,427,2,-45,4,0
3880,25.32353,51.42252,0.0,0.0,1561289611804,10,GSM,False,16363,150,427,2,-47,4,0
3881,25.32353,51.42252,0.0,0.0,1561289611804,11,GSM,False,10263,150,427,2,-53,4,0
3882,25.32353,51.42252,0.0,0.0,1561289611804,12,GSM,False,10903,181,427,2,-53,4,0
3883,25.32359,51.42196666666667,0.0,0.0,1561289618080,0,GSM,True,29871,9301,427,1,-25,4,0
3884,25.32359,51.42196666666667,0.0,0.0,1561289618080,1,GSM,False,22221,9301,427,1,-13,4,0
3885,25.32359,51.42196666666667,0.0,0.0,1561289618080,2,GSM,False,23733,9301,427,1,-45,4,0
3886,25.32359,51.42196666666667,0.0,0.0,1561289618080,3,GSM,False,22231,9301,427,1,-47,4,0
3887,25.32359,51.42196666666667,0.0,0.0,1561289618080,4,GSM,False,22223,9301,427,1,-49,4,0
3888,25.32359,51.42196666666667,0.0,0.0,1561289618080,5,GSM,False,29583,9301,427,1,-63,4,0
3889,25.32359,51.42196666666667,0.0,0.0,1561289618080,6,GSM,True,10011,150,427,2,-33,4,0
3890,25.32359,51.42196666666667,0.0,0.0,1561289618080,7,GSM,False,10012,150,427,2,-21,4,0
3891,25.32359,51.42196666666667,0.0,0.0,1561289618080,8,GSM,False,10013,150,427,2,-35,4,0
3892,25.32359,51.42196666666667,0.0,0.0,1561289618080,9,GSM,False,10512,150,427,2,-45,4,0
3893,25.32359,51.42196666666667,0.0,0.0,1561289618080,10,GSM,False,16363,150,427,2,-47,4,0
3894,25.32359,51.42196666666667,0.0,0.0,1561289618080,11,GSM,False,10263,150,427,2,-53,4,0
3895,25.32359,51.42196666666667,0.0,0.0,1561289618080,12,GSM,False,10903,181,427,2,-53,4,0
3896,25.32359,51.42196666666667,0.0,0.0,1561289620922,11,GSM,False,17172,150,427,2,-65,4,0
3897,25.32359,51.42196666666667,0.0,0.0,1561289620922,12,GSM,False,14792,150,427,2,-67,4,0
3898,25.324403333333333,51.42044333333333,0.0,0.0,1561289630523,0,GSM,True,22222,9301,427,1,9,4,0
3899,25.324403333333333,51.42044333333333,0.0,0.0,1561289630523,1,GSM,False,22221,9301,427,1,-1,4,0
3900,25.324403333333333,51.42044333333333,0.0,0.0,1561289630523,2,GSM,False,22223,9301,427,1,-55,4,0
3901,25.324403333333333,51.42044333333333,0.0,0.0,1561289630523,3,GSM,False,22231,9301,427,1,-59,4,0
3902,25.324403333333333,51.42044333333333,0.0,0.0,1561289630523,4,GSM,False,23733,9301,427,1,-61,4,0
3903,25.324403333333333,51.42044333333333,0.0,0.0,1561289630523,5,GSM,False,29583,9301,427,1,-69,4,0
3904,25.324403333333333,51.42044333333333,0.0,0.0,1561289630523,6,GSM,True,10012,150,427,2,-11,4,0
3905,25.324403333333333,51.42044333333333,0.0,0.0,1561289630523,7,GSM,False,10013,150,427,2,7,4,0
3906,25.324403333333333,51.42044333333333,0.0,0.0,1561289630523,8,GSM,False,10512,150,427,2,3,4,0
3907,25.324403333333333,51.42044333333333,0.0,0.0,1561289630523,9,GSM,False,10903,181,427,2,-57,4,0
3908,25.324403333333333,51.42044333333333,0.0,0.0,1561289630523,10,GSM,False,10263,150,427,2,-63,4,0
3909,25.324403333333333,51.42044333333333,0.0,0.0,1561289630523,11,GSM,False,17172,150,427,2,-73,4,0
3910,25.324403333333333,51.42044333333333,0.0,0.0,1561289630523,12,GSM,False,14792,150,427,2,-79,4,0
3911,25.32495333333333,51.41945666666667,0.0,0.0,1561289642431,0,GSM,True,10013,150,427,2,-7,4,0
3912,25.32495333333333,51.41945666666667,0.0,0.0,1561289642431,1,GSM,False,10512,150,427,2,-7,4,0
3913,25.32495333333333,51.41945666666667,0.0,0.0,1561289642431,2,GSM,False,10011,150,427,2,-23,4,0
3914,25.32495333333333,51.41945666666667,0.0,0.0,1561289642431,3,GSM,False,10513,150,427,2,-35,4,0
3915,25.32495333333333,51.41945666666667,0.0,0.0,1561289642431,4,GSM,False,14792,150,427,2,-57,4,0
3916,25.32495333333333,51.41945666666667,0.0,0.0,1561289642431,5,GSM,False,10903,181,427,2,-61,4,0
3917,25.32495333333333,51.41945666666667,0.0,0.0,1561289642431,6,GSM,False,17172,150,427,2,-77,4,0
3918,25.32495333333333,51.41945666666667,0.0,0.0,1561289642629,0,GSM,True,22222,9301,427,1,3,4,0
3919,25.32495333333333,51.41945666666667,0.0,0.0,1561289642629,1,GSM,False,22221,9301,427,1,-17,4,0
3920,25.32495333333333,51.41945666666667,0.0,0.0,1561289642629,2,GSM,False,22223,9301,427,1,-59,4,0
3921,25.32495333333333,51.41945666666667,0.0,0.0,1561289642629,3,GSM,False,22231,9301,427,1,-65,4,0
3922,25.32495333333333,51.41945666666667,0.0,0.0,1561289642629,4,GSM,False,23733,9301,427,1,-69,4,0
3923,25.32495333333333,51.41945666666667,0.0,0.0,1561289642629,5,GSM,False,29583,9301,427,1,-75,4,0
3924,25.32495333333333,51.41945666666667,0.0,0.0,1561289648851,4,GSM,False,24882,9301,427,1,-55,4,0
3925,25.32495333333333,51.41945666666667,0.0,0.0,1561289648851,11,GSM,False,10012,150,427,2,-55,4,0
3926,25.32542,51.41864666666667,0.0,0.0,1561289654878,0,GSM,True,22222,9301,427,1,-13,4,0
3927,25.32542,51.41864666666667,0.0,0.0,1561289654878,1,GSM,False,22223,9301,427,1,-25,4,0
3928,25.32542,51.41864666666667,0.0,0.0,1561289654878,2,GSM,False,22221,9301,427,1,-41,4,0
3929,25.32542,51.41864666666667,0.0,0.0,1561289654878,3,GSM,False,23733,9301,427,1,-53,4,0
3930,25.32542,51.41864666666667,0.0,0.0,1561289654878,4,GSM,False,22231,9301,427,1,-53,4,0
3931,25.32542,51.41864666666667,0.0,0.0,1561289654878,5,GSM,False,29583,9301,427,1,-67,4,0
3932,25.32542,51.41864666666667,0.0,0.0,1561289654878,6,GSM,False,24882,9301,427,1,-67,4,0
3933,25.32542,51.41864666666667,0.0,0.0,1561289654878,7,GSM,True,10013,150,427,2,5,4,0
3934,25.32542,51.41864666666667,0.0,0.0,1561289654878,8,GSM,False,10512,150,427,2,3,4,0
3935,25.32542,51.41864666666667,0.0,0.0,1561289654878,9,GSM,False,10513,150,427,2,-23,4,0
3936,25.32542,51.41864666666667,0.0,0.0,1561289654878,10,GSM,False,10011,150,427,2,-33,4,0
3937,25.32542,51.41864666666667,0.0,0.0,1561289654878,11,GSM,False,10012,150,427,2,-55,4,0
3938,25.32542,51.41864666666667,0.0,0.0,1561289654878,12,GSM,False,14792,150,427,2,-61,4,0
3939,25.32542,51.41864666666667,0.0,0.0,1561289654878,13,GSM,False,10903,181,427,2,-63,4,0
3940,25.326201666666663,51.41701166666667,0.0,0.0,1561289672268,0,GSM,True,10512,150,427,2,3,4,0
3941,25.326201666666663,51.41701166666667,0.0,0.0,1561289672268,1,GSM,False,10513,150,427,2,-27,4,0
3942,25.326201666666663,51.41701166666667,0.0,0.0,1561289672268,2,GSM,False,10013,150,427,2,-35,4,0
3943,25.326201666666663,51.41701166666667,0.0,0.0,1561289672268,3,GSM,False,10011,150,427,2,-51,4,0
3944,25.326201666666663,51.41701166666667,0.0,0.0,1561289672268,4,GSM,False,10012,150,427,2,-55,4,0
3945,25.326201666666663,51.41701166666667,0.0,0.0,1561289672268,5,GSM,False,14792,150,427,2,-69,4,0
3946,25.326201666666663,51.41701166666667,0.0,0.0,1561289672268,6,GSM,False,10903,181,427,2,-71,4,0
3947,25.326201666666663,51.41701166666667,0.0,0.0,1561289672378,0,GSM,True,22222,9301,427,1,-19,4,0
3948,25.326201666666663,51.41701166666667,0.0,0.0,1561289672378,1,GSM,False,22223,9301,427,1,-7,4,0
3949,25.326201666666663,51.41701166666667,0.0,0.0,1561289672378,2,GSM,False,23733,9301,427,1,-43,4,0
3950,25.326201666666663,51.41701166666667,0.0,0.0,1561289672378,3,GSM,False,22221,9301,427,1,-59,4,0
3951,25.326201666666663,51.41701166666667,0.0,0.0,1561289672378,4,GSM,False,22231,9301,427,1,-59,4,0
3952,25.326201666666663,51.41701166666667,0.0,0.0,1561289672378,5,GSM,False,29583,9301,427,1,-65,4,0
3953,25.326201666666663,51.41701166666667,0.0,0.0,1561289672378,6,GSM,False,24882,9301,427,1,-77,4,0
3954,25.326221666666665,51.41697666666667,0.0,0.0,1561289672554,0,GSM,True,22222,9301,427,1,-19,4,0
3955,25.326221666666665,51.41697666666667,0.0,0.0,1561289672554,1,GSM,False,22223,9301,427,1,-7,4,0
3956,25.326221666666665,51.41697666666667,0.0,0.0,1561289672554,2,GSM,False,23733,9301,427,1,-43,4,0
3957,25.326221666666665,51.41697666666667,0.0,0.0,1561289672554,3,GSM,False,22221,9301,427,1,-59,4,0
3958,25.326221666666665,51.41697666666667,0.0,0.0,1561289672554,4,GSM,False,22231,9301,427,1,-59,4,0
3959,25.326221666666665,51.41697666666667,0.0,0.0,1561289672554,5,GSM,False,29583,9301,427,1,-65,4,0
3960,25.326221666666665,51.41697666666667,0.0,0.0,1561289672554,6,GSM,False,24882,9301,427,1,-77,4,0
3961,25.326221666666665,51.41697666666667,0.0,0.0,1561289672554,7,GSM,True,10512,150,427,2,3,4,0
3962,25.326221666666665,51.41697666666667,0.0,0.0,1561289672554,8,GSM,False,10513,150,427,2,-27,4,0
3963,25.326221666666665,51.41697666666667,0.0,0.0,1561289672554,9,GSM,False,10013,150,427,2,-35,4,0
3964,25.326221666666665,51.41697666666667,0.0,0.0,1561289672554,10,GSM,False,10011,150,427,2,-51,4,0
3965,25.326221666666665,51.41697666666667,0.0,0.0,1561289672554,11,GSM,False,10012,150,427,2,-55,4,0
3966,25.326221666666665,51.41697666666667,0.0,0.0,1561289672554,12,GSM,False,14792,150,427,2,-69,4,0
3967,25.326221666666665,51.41697666666667,0.0,0.0,1561289672554,13,GSM,False,10903,181,427,2,-71,4,0
3968,25.326266666666665,51.416888333333326,0.0,0.0,1561289675231,0,GSM,True,22223,9301,427,1,3,4,0
3969,25.326266666666665,51.416888333333326,0.0,0.0,1561289675231,1,GSM,False,22231,9301,427,1,-23,4,0
3970,25.326266666666665,51.416888333333326,0.0,0.0,1561289675231,2,GSM,False,23733,9301,427,1,-33,4,0
3971,25.326266666666665,51.416888333333326,0.0,0.0,1561289675231,3,GSM,False,22221,9301,427,1,-67,4,0
3972,25.326266666666665,51.416888333333326,0.0,0.0,1561289675231,4,GSM,False,29583,9301,427,1,-71,4,0
3973,25.326266666666665,51.416888333333326,0.0,0.0,1561289675231,5,GSM,False,24882,9301,427,1,-79,4,0
3974,25.326266666666665,51.416888333333326,0.0,0.0,1561289675231,6,GSM,True,10512,150,427,2,9,4,0
3975,25.326266666666665,51.416888333333326,0.0,0.0,1561289675231,7,GSM,False,10513,150,427,2,-19,4,0
3976,25.326266666666665,51.416888333333326,0.0,0.0,1561289675231,8,GSM,False,10013,150,427,2,-31,4,0
3977,25.326266666666665,51.416888333333326,0.0,0.0,1561289675231,9,GSM,False,10011,150,427,2,-49,4,0
3978,25.326266666666665,51.416888333333326,0.0,0.0,1561289675231,10,GSM,False,10012,150,427,2,-49,4,0
3979,25.326266666666665,51.416888333333326,0.0,0.0,1561289675231,11,GSM,False,14792,150,427,2,-69,4,0
3980,25.326266666666665,51.416888333333326,0.0,0.0,1561289675231,12,GSM,False,10903,181,427,2,-69,4,0
3981,25.326365000000003,51.41687333333333,0.0,0.0,1561289678821,0,GSM,True,22223,9301,427,1,-1,4,0
3982,25.326365000000003,51.41687333333333,0.0,0.0,1561289678821,1,GSM,False,22231,9301,427,1,-15,4,0
3983,25.326365000000003,51.41687333333333,0.0,0.0,1561289678821,2,GSM,False,22222,9301,427,1,-27,4,0
3984,25.326365000000003,51.41687333333333,0.0,0.0,1561289678821,3,GSM,False,23733,9301,427,1,-33,4,0
3985,25.326365000000003,51.41687333333333,0.0,0.0,1561289678821,4,GSM,False,22233,9301,427,1,-53,4,0
3986,25.326365000000003,51.41687333333333,0.0,0.0,1561289678821,5,GSM,False,22221,9301,427,1,-65,4,0
3987,25.326365000000003,51.41687333333333,0.0,0.0,1561289678821,6,GSM,False,29583,9301,427,1,-73,4,0
3988,25.326365000000003,51.41687333333333,0.0,0.0,1561289678821,7,GSM,True,10512,150,427,2,13,4,0
3989,25.326365000000003,51.41687333333333,0.0,0.0,1561289678821,8,GSM,False,10513,150,427,2,-15,4,0
3990,25.326365000000003,51.41687333333333,0.0,0.0,1561289678821,9,GSM,False,10013,150,427,2,-27,4,0
3991,25.326365000000003,51.41687333333333,0.0,0.0,1561289678821,10,GSM,False,10012,150,427,2,-47,4,0
3992,25.326365000000003,51.41687333333333,0.0,0.0,1561289678821,11,GSM,False,10011,150,427,2,-51,4,0
3993,25.326365000000003,51.41687333333333,0.0,0.0,1561289678821,12,GSM,False,10903,181,427,2,-69,4,0
3994,25.326365000000003,51.41687333333333,0.0,0.0,1561289678821,13,GSM,False,14792,150,427,2,-71,4,0
3995,25.326365000000003,51.41687333333333,0.0,0.0,1561289681551,6,GSM,False,24882,9301,427,1,-77,4,0
3996,25.327165,51.41736333333333,0.0,0.0,1561289691424,0,GSM,True,22223,9301,427,1,-25,4,0
3997,25.327165,51.41736333333333,0.0,0.0,1561289691424,1,GSM,False,22231,9301,427,1,-25,4,0
3998,25.327165,51.41736333333333,0.0,0.0,1561289691424,2,GSM,False,22222,9301,427,1,-51,4,0
3999,25.327165,51.41736333333333,0.0,0.0,1561289691424,3,GSM,False,22221,9301,427,1,-53,4,0
4000,25.327165,51.41736333333333,0.0,0.0,1561289691424,4,GSM,False,22233,9301,427,1,-59,4,0
4001,25.327165,51.41736333333333,0.0,0.0,1561289691424,5,GSM,False,29871,9301,427,1,-71,4,0
4002,25.327165,51.41736333333333,0.0,0.0,1561289691424,6,GSM,False,24882,9301,427,1,-75,4,0
4003,25.327165,51.41736333333333,0.0,0.0,1561289691424,7,GSM,True,10512,150,427,2,7,4,0
4004,25.327165,51.41736333333333,0.0,0.0,1561289691424,8,GSM,False,10513,150,427,2,-9,4,0
4005,25.327165,51.41736333333333,0.0,0.0,1561289691424,9,GSM,False,10013,150,427,2,-33,4,0
4006,25.327165,51.41736333333333,0.0,0.0,1561289691424,10,GSM,False,10012,150,427,2,-39,4,0
4007,25.327165,51.41736333333333,0.0,0.0,1561289691424,11,GSM,False,10011,150,427,2,-47,4,0
4008,25.327165,51.41736333333333,0.0,0.0,1561289691424,12,GSM,False,14792,150,427,2,-59,4,0
4009,25.327165,51.41736333333333,0.0,0.0,1561289691424,13,GSM,False,10903,181,427,2,-69,4,0
4010,25.327165,51.41736333333333,0.0,0.0,1561289694590,7,GSM,True,10511,150,427,2,397,4,0
4011,25.327165,51.41736333333333,0.0,0.0,1561289694590,13,GSM,False,17172,150,427,2,-79,4,0
4012,25.327706666666668,51.41696,0.0,0.0,1561289709233,0,GSM,True,22223,9301,427,1,5,4,0
4013,25.327706666666668,51.41696,0.0,0.0,1561289709233,1,GSM,False,22231,9301,427,1,-25,4,0
4014,25.327706666666668,51.41696,0.0,0.0,1561289709233,2,GSM,False,22233,9301,427,1,-39,4,0
4015,25.327706666666668,51.41696,0.0,0.0,1561289709233,3,GSM,False,22221,9301,427,1,-41,4,0
4016,25.327706666666668,51.41696,0.0,0.0,1561289709233,4,GSM,False,22222,9301,427,1,-49,4,0
4017,25.327706666666668,51.41696,0.0,0.0,1561289709233,5,GSM,False,29583,9301,427,1,-69,4,0
4018,25.327706666666668,51.41696,0.0,0.0,1561289709233,6,GSM,False,29871,9301,427,1,-69,4,0
4019,25.327706666666668,51.41696,0.0,0.0,1561289709233,7,GSM,True,10511,150,427,2,13,4,0
4020,25.327706666666668,51.41696,0.0,0.0,1561289709233,8,GSM,False,10513,150,427,2,-5,4,0
4021,25.327706666666668,51.41696,0.0,0.0,1561289709233,9,GSM,False,10512,150,427,2,-17,4,0
4022,25.327706666666668,51.41696,0.0,0.0,1561289709233,10,GSM,False,10013,150,427,2,-27,4,0
4023,25.327706666666668,51.41696,0.0,0.0,1561289709233,11,GSM,False,10011,150,427,2,-45,4,0
4024,25.327706666666668,51.41696,0.0,0.0,1561289709233,12,GSM,False,16363,150,427,2,-53,4,0
4025,25.327706666666668,51.41696,0.0,0.0,1561289709233,13,GSM,False,10903,181,427,2,-59,4,0
4026,25.327605,51.41669,0.0,0.0,1561289721479,0,GSM,True,22223,9301,427,1,-25,4,0
4027,25.327605,51.41669,0.0,0.0,1561289721479,1,GSM,False,22231,9301,427,1,-41,4,0
4028,25.327605,51.41669,0.0,0.0,1561289721479,2,GSM,False,22221,9301,427,1,-45,4,0
4029,25.327605,51.41669,0.0,0.0,1561289721479,3,GSM,False,22222,9301,427,1,-61,4,0
4030,25.327605,51.41669,0.0,0.0,1561289721479,4,GSM,False,22233,9301,427,1,-65,4,0
4031,25.327605,51.41669,0.0,0.0,1561289721479,5,GSM,False,29871,9301,427,1,-65,4,0
4032,25.327605,51.41669,0.0,0.0,1561289721479,6,GSM,False,29583,9301,427,1,-71,4,0
4033,25.327605,51.41669,0.0,0.0,1561289721479,7,GSM,True,10511,150,427,2,-1,4,0
4034,25.327605,51.41669,0.0,0.0,1561289721479,8,GSM,False,10513,150,427,2,-1,4,0
4035,25.327605,51.41669,0.0,0.0,1561289721479,9,GSM,False,10512,150,427,2,-15,4,0
4036,25.327605,51.41669,0.0,0.0,1561289721479,10,GSM,False,10013,150,427,2,-27,4,0
4037,25.327605,51.41669,0.0,0.0,1561289721479,11,GSM,False,10011,150,427,2,-43,4,0
4038,25.327605,51.41669,0.0,0.0,1561289721479,12,GSM,False,16363,150,427,2,-53,4,0
4039,25.327605,51.41669,0.0,0.0,1561289721479,13,GSM,False,10903,181,427,2,-61,4,0
4040,25.327549999999995,51.41669333333333,0.0,0.0,1561289729795,0,GSM,True,22223,9301,427,1,-27,4,0
4041,25.327549999999995,51.41669333333333,0.0,0.0,1561289729795,1,GSM,False,22231,9301,427,1,-39,4,0
4042,25.327549999999995,51.41669333333333,0.0,0.0,1561289729795,2,GSM,False,22221,9301,427,1,-53,4,0
4043,25.327549999999995,51.41669333333333,0.0,0.0,1561289729795,3,GSM,False,29871,9301,427,1,-65,4,0
4044,25.327549999999995,51.41669333333333,0.0,0.0,1561289729795,4,GSM,False,22222,9301,427,1,-65,4,0
4045,25.327549999999995,51.41669333333333,0.0,0.0,1561289729795,5,GSM,False,22233,9301,427,1,-73,4,0
4046,25.327549999999995,51.41669333333333,0.0,0.0,1561289729795,6,GSM,False,29583,9301,427,1,-73,4,0
4047,25.327549999999995,51.41669333333333,0.0,0.0,1561289729795,7,GSM,True,10511,150,427,2,-1,4,0
4048,25.327549999999995,51.41669333333333,0.0,0.0,1561289729795,8,GSM,False,10513,150,427,2,-3,4,0
4049,25.327549999999995,51.41669333333333,0.0,0.0,1561289729795,9,GSM,False,10512,150,427,2,-15,4,0
4050,25.327549999999995,51.41669333333333,0.0,0.0,1561289729795,10,GSM,False,10013,150,427,2,-21,4,0
4051,25.327549999999995,51.41669333333333,0.0,0.0,1561289729795,11,GSM,False,10011,150,427,2,-41,4,0
4052,25.327549999999995,51.41669333333333,0.0,0.0,1561289729795,12,GSM,False,10903,181,427,2,-61,4,0
4053,25.327549999999995,51.41669333333333,0.0,0.0,1561289729795,13,GSM,False,14792,150,427,2,-69,4,0
